# Directed graph (each unordered pair of nodes is saved once): Amazon0312.txt 
# Amazon product co-purchaisng network from March 12 2003
# Nodes: 400727 Edges: 3200440
# FromNodeId	ToNodeId
0	1
0	2
0	3
0	4
0	5
1	0
1	2
1	13
1	14
1	15
2	0
2	1
2	4
2	5
2	16
3	70
3	71
3	72
3	73
3	74
4	7
4	17
4	18
4	19
4	20
5	6
5	7
5	8
5	9
5	10
6	5
6	7
6	8
6	9
6	21
7	5
7	8
7	9
7	11
7	12
8	6
8	11
8	22
8	23
8	24
9	5
9	6
9	7
9	8
9	11
10	5
10	7
10	166
10	167
10	168
11	8
11	9
11	25
11	26
11	27
12	7
12	8
12	22
12	28
12	29
13	1
14	75
14	76
14	77
14	78
14	79
15	299
15	300
15	301
15	302
15	303
16	80
16	81
16	82
16	83
16	84
17	4
17	7
17	20
17	85
17	87
18	6
18	7
18	8
18	11
18	30
19	31
19	32
19	33
19	34
19	35
20	4
20	17
20	85
20	86
20	87
21	6
21	7
21	8
21	11
21	304
22	8
22	11
22	12
22	21
22	28
22	211
22	615
22	1315
22	2722
22	3966
23	6
23	8
23	36
23	37
23	38
24	8
24	39
24	40
24	41
24	42
25	11
25	26
25	305
25	306
25	307
26	8
26	11
26	21
26	25
26	305
26	306
26	307
26	422
26	564
26	615
27	9
27	11
27	26
27	88
27	89
28	7
28	8
28	12
28	22
28	29
29	7
29	12
29	28
29	211
29	308
30	9
30	18
30	90
30	91
30	92
31	5
31	19
31	33
31	43
31	169
32	48
32	97
32	98
32	99
32	139
32	161
32	203
32	335
32	636
32	954
33	19
33	31
33	43
33	44
33	45
34	19
34	32
34	46
34	47
34	48
35	19
35	169
35	170
35	171
35	172
36	6
36	8
36	49
36	50
36	51
37	23
37	38
37	40
37	309
37	310
38	23
38	52
38	53
38	54
38	55
39	24
39	40
39	41
39	42
39	93
40	8
40	24
40	54
40	311
40	312
41	24
41	39
41	42
41	93
41	94
42	24
42	39
42	41
42	93
42	94
43	19
43	31
43	33
43	169
43	313
44	33
44	314
44	315
44	316
44	317
45	34
45	46
45	56
45	57
45	58
46	34
46	45
46	56
46	91
46	177
47	34
47	45
47	46
47	95
47	96
48	32
48	97
48	98
48	99
48	100
49	36
49	50
49	51
49	59
49	60
50	8
50	36
50	70
50	173
50	174
51	36
51	49
51	50
51	59
51	60
52	8
52	24
52	38
52	53
52	54
53	24
53	38
53	40
53	52
53	54
54	40
54	52
54	53
54	175
54	176
55	38
55	61
55	62
55	63
55	64
56	45
56	46
56	177
56	178
56	179
57	34
57	45
57	177
57	180
57	181
58	34
58	45
58	46
58	56
58	177
59	8
59	36
59	60
59	65
59	66
60	36
60	59
60	67
60	68
60	69
61	55
61	63
61	64
61	101
61	182
62	55
62	182
62	183
62	184
62	185
63	55
63	318
63	319
63	320
63	321
64	55
64	61
64	101
64	102
64	103
65	36
65	50
65	59
65	60
65	186
66	8
66	211
66	212
66	233
66	268
67	36
67	60
67	66
67	268
67	298
68	36
68	60
68	126
68	187
68	188
69	36
69	60
69	67
69	68
69	104
70	11
70	50
70	71
70	105
70	106
71	3
71	70
71	72
71	73
71	74
72	3
72	70
72	71
72	73
72	74
73	70
73	71
73	72
73	475
73	476
74	11
74	70
74	106
74	131
74	137
75	322
75	323
75	324
75	325
75	326
76	70
76	128
76	137
76	189
76	190
77	75
77	191
77	192
77	193
77	194
78	107
78	108
78	109
78	110
78	111
79	112
79	113
79	114
79	115
79	116
80	16
80	327
80	328
80	329
80	330
81	16
81	84
81	120
81	121
81	477
82	16
82	83
82	117
82	119
82	147
83	16
83	82
83	117
83	118
83	119
84	16
84	81
84	120
84	121
84	122
85	4
85	17
85	20
85	86
85	123
86	4
86	17
86	20
86	85
86	331
87	4
87	17
87	20
87	124
87	125
88	11
88	26
88	27
88	89
88	332
89	25
89	27
89	88
89	195
89	196
90	18
90	30
90	197
90	198
90	199
91	19
91	30
91	46
91	478
91	479
92	18
92	30
92	200
92	201
92	202
93	24
93	39
93	41
93	42
93	94
94	24
94	39
94	41
94	42
94	93
95	34
95	47
95	96
95	333
95	334
96	34
96	47
96	95
96	333
96	334
97	32
97	48
97	98
97	99
97	335
98	32
98	48
98	97
98	99
98	480
99	32
99	48
99	97
99	98
99	481
100	32
100	48
100	98
100	99
100	203
101	55
101	61
101	63
101	64
101	102
102	55
102	64
102	101
102	103
102	204
103	55
103	64
103	101
103	102
103	204
104	36
104	60
104	67
104	126
104	127
105	8
105	70
105	128
105	129
105	130
106	8
106	11
106	70
106	131
106	132
107	78
107	108
107	110
107	205
107	206
108	78
108	107
108	109
108	336
108	337
109	78
109	107
109	108
109	336
109	338
110	133
110	134
110	135
110	136
110	137
111	66
111	135
111	169
111	268
111	339
112	114
112	115
112	138
112	482
112	483
113	139
113	140
113	161
113	224
113	225
114	115
114	138
114	139
114	140
114	141
115	139
115	140
115	160
115	224
115	340
116	142
116	143
116	144
116	145
116	146
117	16
117	83
117	118
117	148
117	207
118	83
118	117
118	148
118	207
118	341
119	16
119	82
119	83
119	147
119	148
120	16
120	81
120	84
120	121
120	149
121	81
121	84
121	120
121	149
121	163
122	16
122	84
122	120
122	342
122	343
123	150
123	151
123	152
123	153
123	154
124	4
124	17
124	20
124	87
124	208
125	4
125	87
125	124
125	208
125	484
126	36
126	60
126	68
126	104
126	209
127	8
127	66
127	210
127	211
127	212
128	50
128	70
128	105
128	236
128	384
129	32
129	48
129	97
129	105
129	485
130	105
130	128
130	155
130	156
130	157
131	9
131	11
131	74
131	106
131	132
132	106
132	131
132	213
132	214
132	215
133	110
133	134
133	135
133	137
133	486
134	110
134	133
134	344
134	345
134	346
135	10
135	66
135	111
135	298
135	339
136	110
136	133
136	134
136	216
136	217
137	74
137	133
137	218
137	219
137	220
138	114
138	141
138	221
138	222
138	223
139	32
139	97
139	140
139	161
139	224
140	32
140	139
140	161
140	224
140	225
141	32
141	158
141	159
141	160
141	161
142	116
142	144
142	145
142	162
142	347
143	116
143	142
143	144
143	146
143	162
144	139
144	140
144	224
144	323
144	487
145	142
145	144
145	347
145	488
145	489
146	79
146	116
146	142
146	143
146	162
147	16
147	82
147	83
147	119
147	490
148	16
148	117
148	118
148	207
148	341
149	81
149	84
149	120
149	121
149	163
150	7
150	123
150	151
150	152
150	154
151	150
151	152
151	153
151	154
151	164
152	150
152	151
152	154
152	164
152	165
153	151
153	152
153	154
153	164
153	491
154	151
154	152
154	153
154	164
154	165
155	128
155	130
155	236
155	348
155	349
156	130
156	157
156	226
156	227
156	228
157	226
157	227
157	229
157	230
157	231
158	32
158	48
158	97
158	141
158	159
159	32
159	97
159	141
159	158
159	160
160	32
160	97
160	139
160	161
160	323
161	32
161	97
161	139
161	225
161	371
162	142
162	143
162	144
162	145
162	146
163	84
163	120
163	121
163	149
163	232
164	150
164	151
164	152
164	154
164	165
165	151
165	152
165	153
165	154
165	164
166	7
166	10
166	167
166	168
166	178
167	8
167	10
167	194
167	211
167	212
168	5
168	7
168	9
168	10
168	166
169	5
169	6
169	7
169	21
169	233
170	19
170	33
170	34
170	35
170	350
171	19
171	35
171	172
171	234
171	235
172	19
172	35
172	169
172	741
172	742
173	50
173	70
173	128
173	174
173	236
174	50
174	70
174	128
174	173
174	236
175	23
175	40
175	54
175	492
175	493
176	40
176	52
176	53
176	54
176	351
177	33
177	34
177	46
177	56
177	178
178	7
178	56
178	179
178	352
178	353
179	56
179	178
179	312
179	352
179	354
180	34
180	45
180	57
180	181
180	743
181	45
181	46
181	56
181	57
181	180
182	355
182	356
182	357
182	358
182	359
183	55
183	62
183	184
183	185
183	744
184	55
184	62
184	183
184	185
184	237
185	55
185	183
185	184
185	494
185	495
186	36
186	50
186	59
186	238
186	239
187	59
187	60
187	68
187	240
187	241
188	60
188	66
188	67
188	68
188	242
189	76
189	190
189	243
189	244
189	245
190	243
190	245
190	269
190	517
190	745
191	77
191	192
191	193
191	360
191	361
192	77
192	191
192	193
192	360
192	361
193	77
193	191
193	192
193	362
193	363
194	167
194	246
194	247
194	248
194	249
195	25
195	89
195	196
195	496
195	497
196	26
196	27
196	89
196	195
196	364
197	90
197	198
197	199
197	746
197	747
198	46
198	197
198	199
198	498
198	499
199	90
199	197
199	198
199	746
199	748
200	9
200	18
200	30
200	92
200	201
201	18
201	30
201	92
201	200
201	500
202	250
202	251
202	252
202	253
202	254
203	32
203	48
203	98
203	99
203	100
204	55
204	64
204	102
204	103
204	255
205	78
205	107
205	206
205	256
205	257
206	78
206	107
206	205
206	256
206	257
207	83
207	117
207	118
207	148
207	341
208	4
208	20
208	87
208	124
208	125
209	36
209	68
209	126
209	365
209	366
210	8
210	66
210	127
210	211
210	367
211	8
211	66
211	212
211	749
211	750
212	8
212	66
212	167
212	211
212	751
213	106
213	131
213	132
213	214
213	368
214	106
214	131
214	132
214	213
214	368
215	132
215	501
215	502
215	503
215	504
216	110
216	133
216	134
216	136
216	217
217	134
217	136
217	216
217	505
217	506
218	70
218	105
218	128
218	137
218	219
219	128
219	137
219	218
219	220
219	507
220	10
220	137
220	218
220	369
220	370
221	138
221	222
221	259
221	276
221	526
222	138
222	221
222	258
222	259
222	260
223	138
223	259
223	276
223	508
223	509
224	32
224	139
224	140
224	161
224	225
225	139
225	140
225	161
225	224
225	371
226	156
226	157
226	227
226	752
226	753
227	157
227	226
227	510
227	511
227	512
228	230
228	511
228	513
228	754
228	755
229	157
229	231
229	261
229	262
229	263
230	97
230	335
230	513
230	514
230	515
231	8
231	105
231	157
231	229
231	261
232	115
232	141
232	159
232	323
232	756
233	7
233	8
233	21
233	66
233	757
234	19
234	35
234	171
234	172
234	235
235	19
235	35
235	171
235	172
235	234
236	70
236	105
236	128
236	264
236	265
237	55
237	62
237	183
237	355
237	413
238	36
238	186
238	239
238	758
238	759
239	36
239	60
239	111
239	135
239	186
240	36
240	60
240	68
240	187
240	241
241	60
241	68
241	187
241	240
241	516
242	66
242	188
242	266
242	267
242	268
243	190
243	269
243	270
243	271
243	272
244	190
244	760
244	761
244	762
244	763
245	189
245	190
245	517
245	518
245	519
246	167
246	247
246	273
246	274
246	275
247	167
247	249
247	273
247	274
247	372
248	194
248	246
248	247
248	249
248	274
249	247
249	273
249	274
249	275
249	372
250	18
250	179
250	202
250	354
250	520
251	202
251	253
251	764
251	765
251	766
252	202
252	373
252	374
252	375
252	376
253	202
253	254
253	521
253	522
253	523
254	253
254	377
254	378
254	379
254	380
255	55
255	64
255	102
255	103
255	204
256	78
256	107
256	205
256	206
256	257
257	78
257	107
257	205
257	206
257	256
258	221
258	222
258	260
258	276
258	277
259	138
259	221
259	222
259	381
259	382
260	221
260	222
260	258
260	277
260	383
261	32
261	48
261	97
261	139
261	231
262	229
262	231
262	767
262	768
262	769
263	8
263	278
263	279
263	280
263	281
264	70
264	128
264	236
264	286
264	384
265	74
265	128
265	137
265	236
265	385
266	67
266	188
266	242
266	267
266	282
267	66
267	188
267	242
267	524
267	525
268	66
268	67
268	283
268	284
268	285
269	190
269	243
269	270
269	386
269	770
270	190
270	243
270	269
270	386
270	771
271	190
271	243
271	272
271	288
271	386
272	243
272	286
272	287
272	288
272	289
273	247
273	249
273	274
273	275
273	372
274	247
274	249
274	273
274	275
274	372
275	247
275	249
275	273
275	274
275	372
276	98
276	203
276	526
276	527
276	528
277	222
277	258
277	260
277	383
277	387
278	263
278	281
278	290
278	291
278	292
279	263
279	278
279	281
279	529
279	530
280	32
280	97
280	531
280	532
280	533
281	278
281	290
281	291
281	292
281	293
282	67
282	188
282	266
282	267
282	772
283	66
283	268
283	294
283	295
283	296
284	66
284	212
284	233
284	268
284	773
285	66
285	268
285	284
285	388
285	389
286	128
286	236
286	272
286	287
286	297
287	236
287	286
287	297
287	390
287	391
288	190
288	243
288	272
288	286
288	289
289	272
289	287
289	288
289	774
289	775
290	278
290	281
290	291
290	292
290	534
291	278
291	281
291	290
291	292
291	392
292	278
292	281
292	291
292	392
292	776
293	278
293	281
293	291
293	292
293	392
294	268
294	283
294	535
294	536
294	537
295	66
295	268
295	538
295	539
295	540
296	66
296	268
296	283
296	285
296	298
297	286
297	287
297	635
297	777
297	778
298	66
298	135
298	212
298	539
298	541
299	15
299	300
299	542
299	543
299	544
300	280
300	543
300	779
300	780
300	781
301	15
301	302
301	545
301	782
301	783
302	545
302	546
302	547
302	548
302	549
303	300
303	543
303	666
303	784
303	785
304	8
304	21
304	1057
304	1211
304	1212
305	11
305	25
305	26
305	564
305	786
306	11
306	25
306	26
306	544
306	1213
307	25
307	550
307	551
307	552
307	553
308	29
308	393
308	394
308	395
308	396
309	23
309	38
309	310
309	554
309	555
310	23
310	37
310	309
310	554
310	555
311	8
311	40
311	312
311	1214
311	1215
312	8
312	40
312	311
312	550
312	787
313	33
313	43
313	1216
313	1217
313	1218
314	33
314	44
314	315
314	317
314	397
315	33
315	44
315	314
315	397
315	788
316	33
316	44
316	314
316	315
316	317
317	33
317	44
317	314
317	397
317	789
318	63
318	319
318	320
318	560
318	790
319	318
319	320
319	556
319	557
319	558
320	318
320	319
320	557
320	559
320	560
321	63
321	318
321	319
321	320
321	561
322	75
322	323
322	324
322	791
322	792
323	32
323	139
323	140
323	160
323	161
324	139
324	141
324	159
324	323
324	326
325	75
325	323
325	324
325	791
325	1219
326	32
326	140
326	161
326	323
326	324
327	80
327	793
327	794
327	795
327	796
328	80
328	398
328	399
328	400
328	401
329	80
329	591
329	797
329	798
329	799
330	16
330	80
330	1220
330	1221
330	1222
331	4
331	86
331	1223
331	1224
331	1225
332	11
332	25
332	338
332	563
332	564
333	34
333	46
333	95
333	96
333	334
334	34
334	95
334	96
334	333
334	562
335	32
335	48
335	97
335	280
335	402
336	133
336	338
336	563
336	564
336	565
337	800
337	801
337	802
337	803
337	804
338	11
338	563
338	564
338	679
338	1226
339	111
339	135
339	363
339	576
339	805
340	115
340	139
340	160
340	161
340	323
341	16
341	118
341	148
341	207
341	490
342	16
342	122
342	343
342	1227
342	1228
343	16
343	122
343	566
343	567
343	568
344	134
344	345
344	569
344	570
344	571
345	134
345	344
345	569
345	571
345	807
346	133
346	134
346	806
346	807
346	808
347	488
347	489
347	572
347	573
347	574
348	128
348	129
348	403
348	404
348	405
349	155
349	406
349	407
349	408
349	409
350	19
350	170
350	809
350	810
350	811
351	8
351	24
351	40
351	41
351	812
352	7
352	8
352	11
352	178
352	312
353	7
353	8
353	178
353	813
353	814
354	178
354	179
354	352
354	353
354	575
355	182
355	410
355	411
355	412
355	413
356	182
356	359
356	414
356	416
356	1229
357	815
357	816
357	817
357	818
357	819
358	182
358	351
358	820
358	821
358	822
359	182
359	356
359	414
359	415
359	416
360	823
360	824
360	825
360	826
360	827
361	828
361	829
361	830
361	831
361	832
362	177
362	417
362	418
362	419
362	420
363	111
363	135
363	339
363	486
363	576
364	26
364	27
364	196
364	421
364	422
365	36
365	68
365	126
365	209
365	366
366	36
366	59
366	126
366	209
366	365
367	127
367	210
367	423
367	424
367	425
368	106
368	131
368	132
368	213
368	214
369	5
369	220
369	426
369	609
369	1230
370	137
370	220
370	369
370	426
370	427
371	32
371	98
371	99
371	161
371	428
372	247
372	249
372	273
372	274
372	275
373	252
373	374
373	432
373	433
373	577
374	252
374	578
374	579
374	580
374	581
375	252
375	373
375	429
375	430
375	431
376	252
376	1231
376	1232
376	1233
376	1234
377	254
377	379
377	833
377	834
377	835
378	254
378	311
378	377
378	379
378	836
379	254
379	377
379	833
379	834
379	1235
380	254
380	432
380	433
380	434
380	435
381	32
381	48
381	98
381	99
381	436
382	259
382	837
382	838
382	839
382	840
383	222
383	258
383	260
383	277
383	387
384	105
384	128
384	236
384	403
384	841
385	74
385	137
385	236
385	265
385	430
386	190
386	243
386	269
386	270
386	272
387	222
387	383
387	437
387	438
387	439
388	66
388	67
388	268
388	284
388	285
389	66
389	285
389	388
389	842
389	843
390	236
390	272
390	286
390	287
390	297
391	286
391	287
391	582
391	583
391	584
392	278
392	281
392	291
392	292
392	530
393	29
393	308
393	394
393	396
393	585
394	29
394	308
394	393
394	395
394	585
395	29
395	308
395	393
395	394
395	586
396	844
396	845
396	846
396	847
396	848
397	33
397	44
397	314
397	315
397	317
398	328
398	1236
398	1237
398	1238
398	1239
399	440
399	441
399	442
399	443
399	444
400	587
400	588
400	589
400	590
400	591
401	328
401	592
401	593
401	594
401	595
402	32
402	97
402	99
402	280
402	335
403	236
403	348
403	384
403	404
403	841
404	348
404	403
404	405
404	596
404	597
405	348
405	403
405	404
405	596
405	849
406	349
406	404
406	408
406	1240
406	1241
407	155
407	349
407	406
407	408
407	596
408	349
408	405
408	406
408	407
409	155
409	349
409	406
409	598
409	599
410	355
410	411
410	412
410	445
410	446
411	355
411	412
411	447
411	448
411	449
412	355
412	410
412	411
412	447
412	850
413	55
413	355
413	600
413	601
413	602
414	182
414	356
414	359
414	416
414	1229
415	182
415	356
415	359
415	416
415	450
416	182
416	356
416	359
416	415
416	450
417	45
417	177
417	362
417	693
417	851
418	362
418	417
418	419
418	1081
418	1242
419	56
419	418
419	603
419	604
419	605
420	362
420	417
420	419
420	606
420	607
421	26
421	196
421	364
421	422
421	451
422	26
422	451
422	452
422	453
422	454
423	210
423	367
423	424
423	425
423	608
424	210
424	367
424	423
424	425
424	455
425	210
425	367
425	423
425	424
425	455
426	220
426	369
426	609
426	610
426	611
427	220
427	369
427	370
427	426
427	611
428	98
428	161
428	371
428	1243
428	1244
429	375
429	917
429	1065
429	1234
429	1245
430	74
430	456
430	457
430	458
430	459
431	852
431	853
431	854
431	855
431	856
432	373
432	380
432	433
432	460
432	857
433	254
433	373
433	380
433	432
433	460
434	612
434	613
434	614
434	615
434	616
435	380
435	858
435	859
435	860
435	861
436	32
436	48
436	99
436	381
436	617
437	438
437	439
437	461
437	462
437	463
438	437
438	461
438	462
438	463
438	1246
439	437
439	618
439	619
439	620
439	621
440	399
440	444
440	464
440	465
440	466
441	399
441	440
441	444
441	464
441	465
442	399
442	440
442	441
442	444
442	466
443	399
443	862
443	863
443	864
443	865
444	440
444	441
444	464
444	467
444	468
445	410
445	446
445	623
445	624
445	866
446	410
446	445
446	622
446	623
446	624
447	355
447	411
447	412
447	626
447	867
448	411
448	868
448	869
448	870
448	871
449	411
449	447
449	448
449	625
449	626
450	182
450	356
450	359
450	415
450	416
451	26
451	364
451	421
451	422
451	452
452	26
452	422
452	451
452	453
452	454
453	422
453	469
453	470
453	471
453	472
454	26
454	422
454	451
454	452
454	453
455	210
455	424
455	425
455	627
455	628
456	338
456	430
456	629
456	630
456	631
457	74
457	252
457	430
457	459
457	1247
458	50
458	70
458	128
458	236
458	430
459	430
459	457
459	1247
459	1248
459	1249
460	433
460	872
460	873
460	874
460	875
461	387
461	437
461	438
461	462
461	463
462	32
462	97
462	99
462	438
462	876
463	387
463	437
463	438
463	461
463	462
464	399
464	440
464	444
464	465
464	467
465	399
465	440
465	441
465	444
465	464
466	399
466	440
466	442
466	444
466	468
467	440
467	441
467	444
467	464
467	468
468	440
468	444
468	464
468	466
468	467
469	453
469	471
469	472
469	473
469	877
470	422
470	453
470	469
470	471
470	473
471	453
471	469
471	470
471	473
471	474
472	453
472	469
472	471
472	878
472	879
473	469
473	470
473	471
473	632
473	633
474	453
474	469
474	471
474	472
474	473
475	71
475	72
475	73
475	476
475	634
476	72
476	73
476	475
476	634
476	635
477	32
477	98
477	99
477	1250
477	1251
478	19
478	91
478	198
478	880
478	881
479	91
479	400
479	587
479	969
479	1073
480	32
480	48
480	98
480	99
480	636
481	32
481	48
481	97
481	98
481	99
482	112
482	114
482	115
482	141
482	882
483	112
483	138
483	1252
483	1253
483	1254
484	4
484	20
484	87
484	124
484	125
485	129
485	141
485	1802
485	1803
485	1804
486	133
486	135
486	339
486	363
486	637
487	32
487	97
487	139
487	160
487	161
488	145
488	347
488	489
488	573
488	574
489	347
489	488
489	573
489	574
489	883
490	16
490	148
490	207
490	341
490	1805
491	123
491	151
491	153
491	154
491	884
492	52
492	175
492	638
492	639
492	640
493	23
493	175
493	1255
493	1256
493	1257
494	23
494	38
494	185
494	1258
494	1259
495	55
495	185
495	1260
495	1261
495	1262
496	25
496	89
496	195
496	497
496	1263
497	25
497	89
497	195
497	496
497	1263
498	197
498	198
498	1157
498	1264
498	1265
499	198
499	575
499	641
499	642
499	643
500	201
500	1806
500	1807
500	1808
500	1809
501	215
501	502
501	885
501	886
501	887
502	215
502	501
502	1266
502	1267
502	1268
503	215
503	504
503	1267
503	1269
503	1810
504	215
504	503
504	1267
504	1269
504	1270
505	134
505	136
505	216
505	217
505	645
506	136
506	644
506	645
506	646
506	647
507	137
507	218
507	219
507	286
507	648
508	223
508	381
508	649
508	650
508	651
509	223
509	1811
509	1812
509	1813
509	1814
510	157
510	226
510	227
510	511
510	888
511	228
511	230
511	754
511	1271
511	1272
512	227
512	889
512	890
512	891
512	892
513	32
513	230
513	335
513	514
513	708
514	230
514	513
514	515
514	652
514	653
515	514
515	652
515	653
515	706
515	709
516	59
516	67
516	68
516	1273
516	1274
517	190
517	518
517	745
517	893
517	894
518	190
518	517
518	745
518	894
518	895
519	190
519	517
519	919
519	1815
519	1816
520	179
520	250
520	354
520	896
520	897
521	253
521	254
521	654
521	655
521	656
522	91
522	253
522	351
522	478
522	1817
523	253
523	898
523	899
523	900
523	901
524	66
524	525
524	751
524	1275
524	1276
525	66
525	524
525	1277
525	1278
525	1279
526	32
526	48
526	98
526	99
526	203
527	32
527	48
527	98
527	203
527	1818
528	276
528	526
528	657
528	658
528	659
529	263
529	278
529	279
529	281
529	902
530	278
530	281
530	291
530	292
530	392
531	280
531	532
531	533
531	660
531	661
532	32
532	280
532	661
532	954
532	955
533	280
533	531
533	532
533	661
533	954
534	278
534	281
534	290
534	292
534	662
535	66
535	268
535	294
535	663
535	664
536	268
536	283
536	294
536	535
536	537
537	268
537	283
537	294
537	535
537	536
538	66
538	268
538	295
538	539
538	540
539	66
539	295
539	298
539	540
539	1280
540	66
540	268
540	295
540	538
540	539
541	66
541	135
541	212
541	268
541	298
542	26
542	544
542	903
542	904
542	1819
543	300
543	303
543	665
543	666
543	667
544	542
544	615
544	903
544	904
544	905
545	302
545	547
545	548
545	668
545	670
546	302
546	545
546	547
546	548
546	668
547	302
547	545
547	669
547	670
547	671
548	302
548	545
548	546
548	668
548	671
549	672
549	673
549	674
549	675
549	676
550	8
550	307
550	1281
550	1282
550	1283
551	307
551	906
551	907
551	908
551	909
552	307
552	550
552	1284
552	1285
552	1286
553	307
553	1287
553	1288
553	1289
553	1290
554	23
554	38
554	309
554	310
554	555
555	23
555	37
555	309
555	310
555	554
556	63
556	318
556	319
556	320
556	790
557	23
557	318
557	319
557	320
557	559
558	319
558	320
558	559
558	1820
558	1821
559	23
559	319
559	320
559	557
559	910
560	318
560	319
560	320
560	677
560	678
561	321
561	1291
561	1292
561	1293
561	1294
562	34
562	45
562	46
562	56
562	911
563	11
563	305
563	338
563	564
563	1581
564	11
564	26
564	338
564	563
564	679
565	338
565	563
565	564
565	679
565	1295
566	16
566	122
566	343
566	567
566	568
567	16
567	122
567	343
567	566
567	568
568	122
568	343
568	566
568	567
568	680
569	134
569	344
569	345
569	570
569	571
570	134
570	344
570	345
570	1296
570	1297
571	134
571	344
571	345
571	569
571	1008
572	347
572	489
572	573
572	574
572	912
573	347
573	488
573	489
573	572
573	574
574	347
574	572
574	912
574	1060
574	1478
575	32
575	99
575	178
575	211
575	913
576	111
576	135
576	339
576	914
576	915
577	1298
577	1299
577	1300
577	1301
577	1302
578	374
578	816
578	916
578	1822
578	1823
579	374
579	380
579	916
579	917
579	918
580	374
580	578
580	581
580	1824
580	1825
581	374
581	578
581	580
581	1824
581	1826
582	286
582	391
582	1045
582	1303
582	1304
583	391
583	681
583	682
583	683
583	684
584	286
584	287
584	391
584	582
584	919
585	393
585	394
585	1827
585	1828
585	1829
586	29
586	308
586	393
586	394
586	395
587	922
587	1072
587	1073
587	1830
587	1831
588	400
588	589
588	1305
588	1306
588	1307
589	400
589	588
589	1305
589	1306
589	1307
590	400
590	587
590	920
590	921
590	922
591	198
591	329
591	400
591	799
591	923
592	400
592	401
592	593
592	685
592	686
593	401
593	592
593	1832
593	1833
593	1834
594	401
594	592
594	593
594	595
594	1835
595	401
595	1308
595	1309
595	1310
595	1311
596	348
596	404
596	405
596	597
596	717
597	348
597	403
597	404
597	596
597	717
598	409
598	717
598	924
598	925
598	926
599	155
599	409
599	687
599	688
599	689
600	413
600	602
600	928
600	929
600	1312
601	55
601	318
601	319
601	320
601	927
602	413
602	600
602	928
602	929
602	930
603	46
603	56
603	177
603	419
603	1313
604	178
604	352
604	931
604	932
604	933
605	417
605	419
605	690
605	691
605	692
606	417
606	420
606	607
606	693
606	694
607	606
607	694
607	723
607	724
607	725
608	423
608	695
608	696
608	697
608	698
609	5
609	220
609	369
609	426
609	1836
610	220
610	369
610	426
610	609
610	611
611	220
611	369
611	426
611	427
611	610
612	434
612	613
612	616
612	699
612	700
613	434
613	612
613	616
613	699
613	700
614	434
614	612
614	613
614	616
614	1316
615	8
615	21
615	1055
615	1314
615	1315
616	434
616	612
616	613
616	614
616	1316
617	99
617	381
617	436
617	1317
617	1318
618	437
618	439
618	619
618	621
618	1319
619	439
619	934
619	935
619	936
619	937
620	387
620	439
620	618
620	619
620	1320
621	114
621	439
621	618
621	701
621	702
622	410
622	445
622	446
622	623
622	624
623	410
623	445
623	446
623	622
623	624
624	410
624	445
624	446
624	623
624	866
625	411
625	447
625	449
625	703
625	704
626	411
626	412
626	447
626	448
626	449
627	210
627	367
627	425
627	455
627	628
628	210
628	424
628	425
628	455
628	627
629	430
629	456
629	564
629	630
629	631
630	430
630	456
630	629
630	631
630	1321
631	430
631	456
631	629
631	630
631	1322
632	305
632	473
632	633
632	1323
632	1324
633	305
633	473
633	632
633	1323
633	1325
634	72
634	73
634	475
634	476
634	635
635	70
635	71
635	72
635	73
635	1837
636	32
636	48
636	98
636	99
636	938
637	43
637	133
637	486
637	939
637	940
638	175
638	492
638	639
638	640
638	705
639	175
639	492
639	638
639	640
639	705
640	175
640	492
640	639
640	1838
640	1839
641	499
641	575
641	941
641	942
641	943
642	4
642	198
642	499
642	1326
642	1327
643	198
643	351
643	499
643	812
643	944
644	134
644	506
644	645
644	646
644	647
645	134
645	136
645	506
645	644
645	646
646	136
646	506
646	644
646	645
646	647
647	134
647	506
647	644
647	645
647	646
648	137
648	218
648	219
648	1328
648	1329
649	32
649	97
649	99
649	1330
649	1331
650	141
650	381
650	1332
650	1333
650	1334
651	508
651	649
651	945
651	946
651	947
652	514
652	515
652	653
652	706
652	707
653	513
653	514
653	515
653	708
653	709
654	521
654	948
654	949
654	950
654	951
655	521
655	654
655	1840
655	1841
655	1842
656	251
656	253
656	521
656	1843
656	1844
657	528
657	658
657	1335
657	1336
657	1337
658	528
658	657
658	1335
658	1336
658	1845
659	276
659	371
659	428
659	952
659	953
660	280
660	531
660	532
660	533
660	661
661	32
661	98
661	532
661	954
661	955
662	278
662	281
662	290
662	292
662	534
663	66
663	268
663	664
663	956
663	957
664	66
664	268
664	294
664	663
664	956
665	299
665	300
665	303
665	543
665	666
666	300
666	303
666	543
666	667
666	785
667	300
667	303
667	543
667	784
667	958
668	302
668	545
668	548
668	671
668	960
669	302
669	545
669	547
669	670
669	671
670	302
670	545
670	547
670	669
670	671
671	545
671	548
671	668
671	959
671	960
672	549
672	673
672	961
672	962
672	963
673	549
673	672
673	961
673	962
673	963
674	675
674	964
674	1846
674	1847
674	1848
675	674
675	676
675	1659
675	1848
675	1849
676	675
676	964
676	965
676	966
676	967
677	318
677	319
677	320
677	560
677	790
678	318
678	320
678	560
678	710
678	711
679	338
679	563
679	564
679	1850
679	1851
680	122
680	343
680	566
680	567
680	568
681	583
681	1338
681	1339
681	1340
681	1341
682	99
682	583
683	684
683	712
683	713
683	714
683	715
684	683
684	712
684	713
684	714
684	716
685	91
685	592
685	1852
685	1853
685	1854
686	400
686	592
686	968
686	969
686	970
687	599
687	688
687	689
687	717
687	718
688	689
688	718
688	719
688	971
688	972
689	687
689	688
689	718
689	719
689	720
690	417
690	605
690	692
690	721
690	1342
691	605
691	722
691	1343
691	1344
691	1345
692	605
692	690
692	691
692	721
692	722
693	45
693	177
693	417
693	973
693	974
694	606
694	607
694	723
694	724
694	725
695	608
695	726
695	727
695	728
695	729
696	608
696	726
696	1855
696	1856
696	1857
697	141
697	326
697	1858
697	1859
697	1860
698	1749
698	1750
698	1861
698	1862
698	1863
699	612
699	613
699	700
699	730
699	731
700	613
700	699
700	730
700	731
700	732
701	138
701	621
701	702
701	733
701	734
702	114
702	138
702	621
702	701
702	975
703	411
703	449
703	625
703	704
703	867
704	411
704	449
704	625
704	626
704	703
705	175
705	492
705	638
705	639
705	1838
706	514
706	515
706	652
706	653
706	976
707	514
707	515
707	652
707	706
707	977
708	230
708	513
708	515
708	653
708	1864
709	514
709	515
709	652
709	653
709	706
710	54
710	176
710	1346
710	1347
710	1348
711	40
711	320
711	910
711	1349
711	1350
712	683
712	684
712	713
712	714
712	716
713	683
713	712
713	714
713	715
713	735
714	683
714	684
714	712
714	713
714	715
715	683
715	713
715	714
715	716
715	735
716	683
716	684
716	712
716	714
716	735
717	19
717	348
717	404
717	924
717	1865
718	688
718	689
718	719
718	720
718	1866
719	688
719	689
719	718
719	720
719	972
720	688
720	689
720	718
720	719
720	971
721	603
721	690
721	736
721	737
721	738
722	690
722	1343
722	1344
722	1867
722	1868
723	606
723	607
723	694
723	725
723	1351
724	607
724	694
724	725
724	739
724	740
725	607
725	723
725	724
725	739
725	740
726	695
726	696
726	978
726	979
726	980
727	194
727	695
727	1352
727	1353
727	1354
728	66
728	211
728	981
728	982
728	983
729	1748
729	1749
729	1750
729	1869
729	1870
730	699
730	700
730	731
730	732
730	984
731	730
731	732
731	984
731	985
731	986
732	730
732	731
732	984
732	985
732	986
733	114
733	701
733	734
733	1355
733	1356
734	138
734	701
734	733
734	1356
734	1622
735	683
735	713
735	714
735	715
735	716
736	721
736	737
736	1867
736	1868
736	1871
737	603
737	690
737	721
737	736
737	738
738	603
738	721
738	737
738	1872
738	1873
739	607
739	723
739	724
739	725
739	740
740	420
740	607
740	724
740	725
740	739
741	35
741	169
741	172
741	742
741	987
742	169
742	172
742	741
742	987
742	988
743	34
743	45
743	57
743	180
743	2604
744	183
744	2605
744	2606
744	2607
744	2608
745	190
745	517
745	518
745	894
745	1874
746	90
746	197
746	198
746	199
746	880
747	197
747	198
747	199
747	1357
747	1358
748	197
748	199
748	989
748	990
748	991
749	8
749	22
749	211
749	1276
749	1359
750	8
750	12
750	22
750	211
750	1359
751	66
751	211
751	212
751	1573
751	2609
752	226
752	227
752	510
752	888
752	892
753	226
753	2610
753	2611
753	2612
753	2613
754	157
754	228
754	511
754	755
754	1875
755	228
755	511
755	754
755	992
755	993
756	139
756	160
756	161
756	224
756	487
757	5
757	66
757	233
757	1360
757	1361
758	186
758	238
758	239
758	759
758	1876
759	186
759	238
759	239
759	1876
759	2614
760	244
760	994
760	995
760	996
760	997
761	244
761	994
761	995
761	996
761	997
762	244
762	760
762	1362
762	1363
762	1364
763	190
763	244
763	760
763	1365
763	1366
764	251
764	765
764	766
764	1877
764	1878
765	251
765	764
765	1877
765	1878
765	1879
766	251
766	764
766	998
766	999
766	1000
767	262
767	769
767	1371
767	1372
767	1373
768	229
768	1367
768	1368
768	1369
768	1370
769	767
769	1371
769	1372
769	1373
769	1374
770	190
770	269
770	1001
770	1002
770	1003
771	1375
771	1376
771	1377
771	1378
771	1379
772	188
772	266
772	267
772	282
772	1880
773	66
773	1275
773	1276
773	1572
773	1574
774	190
774	243
774	289
774	775
774	1380
775	190
775	272
775	289
775	386
775	774
776	278
776	281
776	290
776	292
776	1881
777	286
777	297
777	778
777	1381
777	1382
778	297
778	894
778	1044
778	1046
778	1129
779	1882
779	1883
779	1884
779	1885
779	1886
780	161
780	280
780	532
780	661
780	954
781	532
781	661
781	780
781	954
781	1887
782	301
782	1383
782	1384
782	1385
782	1386
783	301
783	920
783	1069
783	1070
783	1481
784	303
784	667
784	958
784	2615
784	2616
785	303
785	543
785	666
785	667
785	2615
786	11
786	25
786	305
786	1004
786	1005
787	179
787	312
787	552
787	1724
787	1888
788	33
788	44
788	314
788	315
788	316
788	317
788	397
788	43362
788	55638
788	80651
789	6
789	8
789	105
789	1045
789	2617
790	318
790	319
790	320
790	560
790	1006
791	487
791	661
791	1244
791	1564
791	1565
792	141
792	326
792	1804
792	1889
792	1890
793	80
793	327
793	794
793	795
793	1387
794	327
794	793
794	795
794	1387
794	2618
795	80
795	327
795	329
795	793
795	794
795	796
795	1387
795	2618
795	2619
795	2620
796	795
796	1387
796	2618
796	2619
796	2620
797	80
797	329
797	591
797	798
797	1388
798	329
798	797
798	1388
798	1891
798	1892
799	198
799	329
799	499
799	591
799	1389
800	337
800	801
800	804
800	1390
800	1391
801	337
801	800
801	804
801	1390
801	1391
802	337
802	803
802	1392
802	1393
802	1394
803	808
803	1395
803	1396
803	1397
803	1398
804	1390
804	1391
804	1893
804	1894
804	1895
805	111
805	135
805	339
805	576
805	1007
806	346
806	808
806	1395
806	1399
806	1400
807	134
807	345
807	346
807	1008
807	1009
808	803
808	1401
808	1402
808	1403
808	1404
809	19
809	350
809	1097
809	1159
809	1405
810	19
810	170
810	350
810	2621
810	2622
811	19
811	170
811	350
811	810
811	1406
812	198
812	351
812	643
812	1896
812	1897
813	8
813	353
813	1407
813	1408
813	1409
814	178
814	353
814	354
814	1898
814	1899
815	357
815	816
815	818
815	819
815	1010
816	357
816	817
816	1900
816	1901
816	1902
817	357
817	816
817	1900
817	1901
817	1902
818	357
818	815
818	816
818	819
818	2623
819	357
819	815
819	816
819	818
819	2624
820	182
820	358
820	821
820	1011
820	1012
821	351
821	358
821	820
821	822
821	2625
822	351
822	821
822	1013
822	1014
822	1015
823	50
823	70
823	360
823	824
823	1903
824	360
824	1016
824	1017
824	1018
824	1019
825	137
825	360
825	1018
825	1019
825	1020
826	360
826	823
826	824
826	1018
826	1019
827	360
827	1018
827	1019
827	1466
827	1467
828	5
828	6
828	7
828	105
828	361
829	830
829	831
829	832
829	1021
829	1904
830	829
830	831
830	832
830	1021
830	1022
831	829
831	830
831	832
831	1021
831	1022
832	829
832	830
832	831
832	1021
832	1022
833	254
833	377
833	379
833	1235
833	1410
834	254
834	379
834	2626
834	2627
834	2628
835	254
835	377
835	379
835	833
835	1023
836	254
836	378
836	379
836	2629
836	2630
837	259
837	382
837	839
837	840
837	1418
838	259
838	382
838	837
838	1411
838	1412
839	1413
839	1414
839	1415
839	1416
839	1417
840	259
840	382
840	837
840	1413
840	1418
841	128
841	236
841	384
841	403
841	1024
842	66
842	268
842	285
842	388
842	389
843	389
843	1419
843	1420
843	1421
843	1422
844	396
844	845
844	847
844	848
844	1905
845	396
845	844
845	847
845	848
845	1025
846	396
846	1423
846	1424
846	1425
846	1426
847	396
847	844
847	845
847	848
847	1905
848	396
848	844
848	845
848	847
848	1905
849	348
849	404
849	405
849	885
849	1427
850	355
850	411
850	412
850	448
850	2631
851	45
851	177
851	362
851	417
851	693
852	431
852	853
852	854
852	856
852	1906
853	252
853	431
853	852
853	854
853	855
854	252
854	431
854	852
854	853
854	855
855	431
855	1026
855	1027
855	1028
855	1029
856	431
856	852
856	1117
856	1428
856	1429
857	380
857	432
857	433
857	1910
857	2632
858	380
858	435
858	859
858	860
858	861
859	380
859	435
859	858
859	860
859	861
860	380
860	435
860	858
860	859
860	861
861	380
861	435
861	858
861	859
861	860
862	443
862	865
862	1907
862	1908
862	1909
863	443
863	862
863	864
863	1430
863	1431
864	1030
864	1031
864	1032
864	1033
864	1034
865	443
865	862
865	1907
865	1908
865	1909
866	410
866	445
866	446
866	623
866	624
867	411
867	412
867	447
867	625
867	1035
868	411
868	448
868	850
868	869
868	870
869	411
869	448
869	449
869	868
869	870
870	411
870	448
870	449
870	868
870	869
871	448
871	2633
871	2634
871	2635
871	2636
872	460
872	875
872	1036
872	1471
872	1910
873	460
873	872
873	1911
873	1912
873	1913
874	460
874	872
874	875
874	1036
874	1432
875	460
875	872
875	874
875	1036
875	1037
876	438
876	462
876	945
876	946
876	1038
877	11
877	27
877	30
877	2637
877	2638
878	469
878	472
878	877
878	1265
878	2639
879	472
879	1322
879	1914
879	1915
879	1916
880	90
880	197
880	198
880	478
880	746
881	91
881	478
881	880
881	1433
881	1434
882	482
882	1917
882	1918
882	1919
882	1920
883	145
883	347
883	488
883	489
883	574
884	123
884	151
884	153
884	491
884	1039
885	215
885	501
885	886
885	2640
885	2641
886	215
886	501
886	502
886	885
886	887
887	215
887	501
887	885
887	886
887	2642
888	226
888	227
888	510
888	511
888	892
889	228
889	280
889	512
889	890
889	891
890	228
890	512
890	653
890	889
890	1472
891	889
891	1040
891	1041
891	1042
891	1043
892	228
892	752
892	888
892	890
892	1921
893	1435
893	1922
893	1923
893	1924
893	1925
894	778
894	1044
894	1045
894	1046
894	1047
895	518
895	745
895	894
895	1044
895	1435
896	1048
896	1049
896	1050
896	1051
896	1052
897	520
897	1052
897	1476
897	1477
897	1926
898	253
898	523
898	900
898	901
898	1436
899	253
899	523
899	898
899	900
899	901
900	253
900	523
900	898
900	899
900	901
901	253
901	523
901	898
901	899
901	900
902	263
902	278
902	279
902	281
902	529
903	542
903	544
903	615
903	905
903	1053
904	542
904	544
904	903
904	1437
904	1438
905	544
905	1927
905	1928
905	1929
905	1930
906	551
906	907
906	909
906	1931
906	1932
907	551
907	906
907	909
907	1059
907	1932
908	304
908	1054
908	1055
908	1056
908	1057
909	551
909	906
909	907
909	1058
909	1059
910	320
910	1439
910	1440
910	1441
910	1442
911	34
911	45
911	46
911	562
911	2643
912	347
912	572
912	574
912	1060
912	1061
913	575
913	942
913	1085
913	1487
913	1933
914	5
914	135
914	1934
914	1935
914	1936
915	339
915	576
915	1062
915	1063
915	1064
916	357
916	578
916	579
916	918
916	1900
917	579
917	1065
917	1066
917	1067
917	1068
918	579
918	815
918	916
918	1937
918	1938
919	894
919	1815
919	1939
919	1940
919	1941
920	400
920	590
920	921
920	1069
920	1070
921	590
921	920
921	1942
921	1943
921	1944
922	587
922	1071
922	1072
922	1073
922	1074
923	198
923	587
923	1072
923	1073
923	1075
924	598
924	717
924	1945
924	1946
924	1947
925	598
925	1076
925	1077
925	1078
925	1079
926	1078
926	1948
926	1949
926	1950
926	1951
927	318
927	319
927	320
927	601
927	1952
928	600
928	602
928	929
928	930
928	1953
929	413
929	600
929	602
929	928
929	930
930	413
930	600
930	602
930	928
930	929
931	932
931	933
931	1080
931	1081
931	1082
932	931
932	933
932	1080
932	1081
932	1082
933	931
933	932
933	1080
933	1081
933	1082
934	619
934	935
934	936
934	2644
934	2645
935	276
935	619
935	934
935	936
935	1083
936	276
936	619
936	934
936	935
936	937
937	619
937	934
937	1443
937	1444
937	1445
938	48
938	98
938	99
938	636
938	1084
939	637
939	1965
939	2646
939	2647
939	2648
940	45
940	177
940	637
940	1446
940	1447
941	499
941	575
941	641
941	942
941	943
942	499
942	575
942	641
942	913
942	1085
943	575
943	1085
943	1485
943	1486
943	1680
944	197
944	198
944	499
944	643
944	746
945	462
945	649
945	651
945	876
945	946
946	462
946	651
946	876
946	945
946	1123
947	651
947	1448
947	1449
947	1450
947	1451
948	654
948	949
948	950
948	951
948	2649
949	654
949	948
949	950
949	951
949	1954
950	654
950	948
950	949
950	951
950	1086
951	948
951	949
951	950
951	1086
951	1954
952	276
952	659
952	953
952	1243
952	1955
953	276
953	659
953	952
953	1087
953	1088
954	32
954	98
954	99
954	532
954	661
955	98
955	99
955	532
955	661
955	954
956	66
956	268
956	663
956	664
956	957
957	66
957	663
957	664
957	956
957	1089
958	300
958	303
958	667
958	784
959	545
959	547
959	668
959	671
959	1090
960	545
960	668
960	671
960	959
960	1956
961	549
961	672
961	673
961	962
961	963
962	549
962	672
962	673
962	961
962	963
963	549
963	672
963	673
963	961
963	962
964	674
964	676
964	1957
964	1958
964	2650
965	674
965	675
965	676
965	964
965	967
966	967
966	1772
966	1774
966	1848
966	1957
967	966
967	1772
967	1774
967	1957
967	1958
968	686
968	970
968	1452
968	1453
968	1454
969	46
969	91
969	170
969	479
969	1455
970	35
970	91
970	922
970	968
970	1456
971	688
971	689
971	718
971	719
971	720
972	688
972	689
972	718
972	719
972	720
973	45
973	177
973	417
973	693
973	974
974	45
974	177
974	417
974	693
974	973
975	276
975	619
975	621
975	702
975	1457
976	706
976	2651
976	2652
976	2653
977	514
977	707
977	1091
977	1092
977	1093
978	726
978	1959
978	1960
978	1961
978	1962
979	141
979	980
979	1458
979	1459
979	1460
980	141
980	979
980	1458
980	1459
980	1460
981	66
981	211
981	212
981	728
981	982
982	66
982	212
982	524
982	728
982	981
983	66
983	211
983	212
983	751
983	1461
984	730
984	731
984	732
984	985
984	986
985	730
985	731
985	732
985	984
985	986
986	730
986	731
986	732
986	984
986	985
987	35
987	169
987	172
987	741
987	742
988	172
988	741
988	742
988	1094
988	1095
989	199
989	354
989	748
989	991
989	1096
990	1097
990	1098
990	1099
990	1100
990	1101
991	199
991	354
991	748
991	1495
991	2654
992	511
992	513
992	755
992	1963
992	1964
993	228
993	511
993	513
993	755
993	992
994	760
994	995
994	997
994	1462
994	1463
995	760
995	761
995	994
995	996
995	997
996	760
996	994
996	995
996	997
996	1102
997	760
997	994
997	995
997	996
997	1463
998	587
998	766
998	923
998	1103
998	1104
999	251
999	765
999	766
999	923
999	1105
1000	587
1000	922
1000	923
1000	1073
1000	2655
1001	269
1001	770
1001	1002
1001	1106
1001	1107
1002	236
1002	269
1002	770
1002	1001
1003	269
1003	770
1003	1001
1004	11
1004	563
1004	564
1004	786
1004	1108
1005	25
1005	305
1005	563
1005	786
1005	2656
1006	318
1006	319
1006	320
1006	321
1006	790
1007	135
1007	339
1007	576
1007	805
1007	1109
1008	134
1008	136
1008	345
1008	807
1008	1009
1009	134
1009	345
1009	807
1009	1008
1009	1965
1010	357
1010	815
1010	816
1010	818
1010	1966
1011	182
1011	358
1011	685
1011	820
1011	1854
1012	182
1012	358
1012	820
1012	821
1012	1110
1013	351
1013	822
1013	1014
1013	1015
1013	2657
1014	351
1014	822
1014	1013
1014	1015
1014	2657
1015	351
1015	822
1015	1013
1015	1014
1015	2657
1016	824
1016	1017
1016	1018
1016	1019
1016	1466
1017	824
1017	1016
1017	1018
1017	1466
1017	1467
1018	635
1018	825
1018	827
1018	1019
1018	1464
1019	827
1019	1465
1019	1466
1019	1467
1019	1468
1020	11
1020	131
1020	1967
1020	1968
1020	1969
1021	829
1021	830
1021	831
1021	832
1021	1022
1022	830
1022	831
1022	832
1022	1021
1022	1111
1023	254
1023	377
1023	379
1023	833
1023	834
1024	155
1024	384
1024	403
1024	841
1024	2658
1025	575
1025	1112
1025	1113
1025	1114
1025	1115
1026	1027
1026	1116
1026	1970
1026	1971
1026	1972
1027	1026
1027	1116
1027	1117
1027	1118
1027	1119
1028	855
1028	1026
1028	1116
1028	1120
1028	1121
1029	1026
1029	1116
1029	1120
1029	1172
1029	1173
1030	864
1030	1031
1030	1032
1030	1034
1030	2659
1031	864
1031	1032
1031	2659
1031	2660
1031	2661
1032	864
1032	1030
1032	1031
1032	2659
1032	2662
1033	864
1033	1031
1033	1034
1033	1973
1033	1974
1034	864
1034	1030
1034	1031
1034	1033
1034	1973
1035	411
1035	448
1035	703
1035	850
1035	867
1036	460
1036	872
1036	875
1036	1037
1036	1471
1037	254
1037	1036
1037	1469
1037	1470
1037	1471
1038	462
1038	876
1038	946
1038	1122
1038	1123
1039	123
1039	151
1039	153
1039	491
1039	884
1040	891
1040	1041
1040	1043
1040	1473
1040	2024
1041	891
1041	1124
1041	1125
1041	1126
1041	1127
1042	513
1042	515
1042	653
1042	708
1042	1975
1043	228
1043	511
1043	1472
1043	1473
1043	1474
1044	70
1044	128
1044	894
1044	1045
1044	1128
1045	789
1045	1044
1045	1475
1045	1976
1045	1977
1046	778
1046	894
1046	1044
1046	1129
1046	1130
1047	778
1047	894
1047	1044
1047	1045
1047	1475
1048	896
1048	1049
1048	1050
1048	1051
1048	1052
1049	896
1049	1051
1049	1131
1049	1132
1049	1134
1050	1978
1050	1979
1050	1980
1050	1981
1050	1982
1051	1049
1051	1131
1051	1132
1051	1133
1051	1134
1052	896
1052	897
1052	1048
1052	1476
1052	1477
1053	544
1053	903
1053	1135
1053	1136
1053	1137
1054	615
1054	908
1054	1055
1054	1057
1054	2663
1055	21
1055	615
1055	1054
1055	1057
1055	1314
1056	908
1056	1138
1056	1139
1056	1140
1056	1141
1057	21
1057	304
1057	615
1057	1055
1057	1142
1058	551
1058	906
1058	907
1058	909
1058	1932
1059	551
1059	906
1059	907
1059	909
1059	1932
1060	347
1060	572
1060	574
1060	912
1060	1478
1061	347
1061	572
1061	573
1061	574
1061	912
1062	576
1062	915
1062	1064
1062	1143
1062	1144
1063	576
1063	915
1063	1062
1063	1064
1063	1144
1064	339
1064	576
1064	915
1064	1062
1064	1063
1065	429
1065	917
1065	1066
1065	1479
1065	1480
1066	917
1066	1065
1066	1067
1066	1479
1066	1983
1067	917
1067	1065
1067	1066
1067	1479
1067	1480
1068	917
1068	1145
1068	1146
1068	1147
1068	1148
1069	783
1069	920
1069	1070
1069	1149
1069	1481
1070	783
1070	920
1070	1069
1070	1149
1070	1150
1071	922
1071	1074
1071	2664
1071	2665
1071	2666
1072	587
1072	922
1072	923
1072	1073
1072	1984
1073	479
1073	499
1073	587
1073	923
1073	1072
1074	922
1074	1071
1074	1482
1074	1483
1074	1484
1075	197
1075	198
1075	923
1075	1985
1075	1986
1076	925
1076	1151
1076	1152
1076	1153
1076	1154
1077	178
1077	1987
1077	1988
1077	1989
1077	1990
1078	172
1078	926
1078	1948
1078	1949
1078	2667
1079	1865
1079	1991
1079	1992
1079	1993
1079	1994
1080	931
1080	932
1080	933
1080	1081
1080	1082
1081	931
1081	932
1081	933
1081	1080
1081	1082
1082	931
1082	932
1082	933
1082	1080
1082	1081
1083	276
1083	2668
1083	2669
1083	2670
1083	2671
1084	48
1084	98
1084	99
1084	636
1084	938
1085	575
1085	913
1085	1485
1085	1486
1085	1487
1086	951
1086	2672
1086	2673
1086	2674
1086	2675
1087	276
1087	659
1087	952
1087	953
1087	1088
1088	1995
1088	1996
1088	1997
1088	1998
1088	1999
1089	66
1089	268
1089	663
1089	956
1089	957
1090	545
1090	671
1090	959
1090	2000
1090	2001
1091	977
1091	1092
1091	1093
1091	1488
1091	1489
1092	977
1092	1091
1092	2676
1092	2677
1092	2678
1093	514
1093	1490
1093	1491
1093	1492
1093	1493
1094	172
1094	987
1094	988
1094	1095
1094	2002
1095	172
1095	988
1095	1094
1095	1155
1095	1156
1096	354
1096	748
1096	1494
1096	1495
1096	1496
1097	198
1097	1073
1097	1098
1097	1101
1097	1157
1098	350
1098	990
1098	1097
1098	1100
1098	1101
1099	990
1099	1158
1099	1159
1099	1160
1099	1161
1100	990
1100	1097
1100	1101
1100	1157
1100	2679
1101	990
1101	1097
1101	1098
1101	1100
1101	1497
1102	190
1102	760
1102	996
1102	2680
1102	2681
1103	998
1103	2003
1103	2004
1103	2005
1103	2006
1104	400
1104	591
1104	922
1104	998
1104	2682
1105	999
1105	2007
1105	2008
1105	2009
1105	2010
1106	1001
1107	1162
1107	1163
1107	1164
1107	1165
1107	1166
1108	338
1108	1004
1108	1167
1108	1168
1108	1169
1109	135
1109	339
1109	576
1109	805
1109	1007
1110	182
1110	1012
1110	1170
1110	1171
1111	832
1111	1021
1111	1022
1111	2011
1111	2012
1112	1025
1112	2013
1112	2014
1112	2015
1112	2016
1113	29
1113	575
1113	1025
1113	1114
1113	1115
1114	29
1114	1025
1114	1113
1114	1115
1114	1498
1115	1025
1115	1113
1115	1114
1115	1498
1115	2017
1116	1026
1116	1027
1116	1117
1116	1118
1116	2018
1117	1118
1117	1499
1117	1500
1117	1501
1117	1502
1118	2019
1118	2020
1118	2021
1118	2022
1118	2023
1119	1026
1119	1027
1119	1118
1119	2018
1119	2683
1120	1026
1120	1028
1120	1029
1120	1172
1120	1173
1121	1026
1121	1028
1121	1029
1121	1116
1121	1120
1122	462
1122	876
1122	946
1122	1038
1122	1123
1123	462
1123	876
1123	946
1123	1038
1123	1122
1124	1041
1124	1125
1124	1126
1124	1272
1124	1503
1125	891
1125	1041
1125	1124
1125	1126
1125	2024
1126	992
1126	1041
1126	1124
1126	1125
1126	1503
1127	1041
1127	1124
1127	2025
1127	2026
1127	2027
1128	70
1128	128
1128	458
1128	1044
1128	2028
1129	297
1129	778
1129	894
1129	1046
1129	1174
1130	778
1130	894
1130	1044
1130	1046
1130	1047
1131	1049
1131	1051
1131	1132
1131	1133
1131	1134
1132	1049
1132	1051
1132	1131
1132	1133
1132	1134
1133	1049
1133	1051
1133	1131
1133	1132
1133	2684
1134	1049
1134	1051
1134	1131
1134	1132
1134	2685
1135	1053
1135	1504
1135	1505
1135	1506
1135	1507
1136	903
1136	1053
1136	1135
1136	1508
1136	1509
1137	544
1137	903
1137	1053
1137	2029
1137	2030
1138	1056
1138	2031
1138	2032
1138	2033
1138	2034
1139	8
1139	66
1139	211
1139	233
1139	2686
1140	1056
1140	2032
1140	2687
1140	2688
1140	2689
1141	1056
1141	1139
1141	1175
1141	1176
1141	1177
1142	1055
1142	1057
1142	1178
1142	1179
1142	1180
1143	576
1143	915
1143	1062
1143	1064
1143	1144
1144	576
1144	915
1144	1062
1144	1063
1144	1143
1145	917
1145	1068
1145	1146
1145	1147
1145	1148
1146	1068
1146	1145
1146	1147
1146	1148
1146	1510
1147	1068
1147	1145
1147	1146
1147	1148
1147	1181
1148	1068
1148	1145
1148	1146
1148	1147
1148	2690
1149	782
1149	1069
1149	1386
1149	2691
1149	2692
1150	400
1150	2035
1150	2036
1150	2037
1150	2038
1151	1076
1151	1152
1151	1153
1151	1154
1151	2039
1152	1076
1152	1151
1152	1153
1152	1154
1152	2039
1153	1076
1153	1077
1153	1152
1153	1511
1153	1512
1154	1076
1154	1151
1154	1152
1154	2039
1154	2693
1155	988
1155	1095
1155	2694
1156	1182
1156	1183
1156	1184
1156	1185
1156	1186
1157	46
1157	198
1157	1097
1157	2695
1157	2696
1158	748
1158	990
1158	1099
1158	1187
1158	1188
1159	350
1159	809
1159	1160
1159	1161
1159	2040
1160	1159
1160	1161
1160	1513
1160	1514
1160	1515
1161	350
1161	1159
1161	1160
1161	1513
1161	1515
1162	1107
1162	1163
1162	1165
1162	1520
1162	2041
1163	1107
1163	1165
1163	1189
1163	1190
1163	1191
1164	1107
1164	1516
1164	1517
1164	1518
1164	1519
1165	1166
1165	1191
1165	1520
1165	1521
1165	1522
1166	1165
1166	1191
1166	1518
1166	1521
1166	1523
1167	1108
1167	1168
1167	1169
1167	2042
1167	2043
1168	338
1168	1004
1168	1108
1168	2044
1168	2045
1169	338
1169	563
1169	564
1169	679
1169	2071
1170	182
1170	1012
1170	1110
1170	1171
1171	1012
1171	1110
1171	1170
1171	2046
1171	2047
1172	1026
1172	1029
1172	1116
1172	1120
1172	1173
1173	1026
1173	1029
1173	1120
1173	1172
1173	1192
1174	297
1174	1435
1174	1524
1174	1525
1174	1526
1175	1141
1175	2697
1175	2698
1175	2699
1175	2700
1176	1141
1176	1177
1176	1527
1176	1528
1176	1529
1177	1141
1177	1176
1177	1527
1177	1529
1177	2048
1178	1057
1178	1142
1178	1179
1178	1180
1178	1530
1179	1057
1179	1142
1179	1178
1179	1180
1179	1531
1180	1057
1180	1142
1180	1178
1180	1179
1180	1531
1181	1147
1181	1193
1181	1194
1181	1195
1181	1196
1182	1156
1182	1184
1182	1186
1182	2049
1182	2050
1183	1156
1183	1182
1183	1184
1183	1185
1183	2701
1184	1182
1184	1185
1184	1186
1184	2049
1184	2050
1185	1156
1185	1182
1185	1183
1185	1184
1185	1186
1186	1182
1186	1184
1186	1185
1186	2049
1186	2050
1187	748
1187	990
1187	1099
1187	1158
1187	2702
1188	748
1188	990
1188	1099
1188	1158
1188	2051
1189	1107
1189	1163
1189	2041
1189	2052
1189	2053
1190	1107
1190	1163
1190	1165
1190	2052
1190	2258
1191	1165
1191	1166
1191	1518
1191	1521
1191	1522
1192	1026
1192	1029
1192	1120
1192	1173
1192	2054
1193	1065
1193	1147
1193	1181
1193	1194
1193	1195
1194	917
1194	922
1194	1181
1194	1193
1194	2703
1195	1181
1195	1196
1195	1197
1195	1198
1195	1199
1196	2055
1196	2056
1196	2057
1196	2058
1196	2059
1197	1181
1197	1195
1197	1198
1197	1532
1197	1533
1198	1195
1198	1197
1198	1200
1198	1201
1198	1202
1199	1195
1199	1203
1199	1204
1199	1205
1199	1206
1200	1534
1200	1535
1200	1536
1200	1537
1200	1538
1201	2060
1201	2061
1201	2062
1201	2063
1201	2064
1202	2704
1202	2705
1202	2706
1202	2707
1202	2708
1203	1199
1203	1204
1203	1539
1203	1540
1203	1541
1204	1199
1204	1203
1204	1265
1204	1541
1204	1542
1205	1199
1205	1207
1205	1208
1205	1209
1205	1210
1206	1199
1206	2065
1206	2066
1206	2067
1206	2068
1207	1205
1207	1208
1207	1210
1207	1698
1207	2428
1208	90
1208	198
1208	1205
1208	1207
1208	1543
1209	1205
1209	1210
1209	1544
1209	1546
1209	2069
1210	1209
1210	1544
1210	1545
1210	1546
1210	1547
1211	21
1211	304
1211	1548
1211	1549
1211	1550
1212	21
1212	304
1212	908
1212	1315
1212	1551
1213	25
1213	306
1213	544
1213	3309
1213	3310
1214	24
1214	40
1214	41
1214	311
1214	312
1215	311
1215	312
1215	550
1215	1281
1215	1286
1216	33
1216	43
1216	313
1216	1217
1216	1218
1217	43
1217	172
1217	313
1217	2709
1218	2710
1218	2711
1218	2712
1218	2713
1218	2714
1219	324
1219	326
1219	485
1219	1802
1219	1803
1220	80
1220	330
1220	1221
1220	1552
1220	1553
1221	330
1221	399
1221	1220
1221	1552
1221	1553
1222	330
1222	674
1222	675
1222	2715
1222	2716
1223	86
1223	331
1223	1224
1223	1554
1223	1555
1224	4
1224	86
1224	331
1224	1223
1224	1555
1225	1554
1225	1555
1225	1703
1225	1704
1225	2070
1226	338
1226	456
1226	2071
1226	2072
1226	2073
1227	122
1227	342
1227	1228
1227	2074
1227	2075
1228	122
1228	342
1228	343
1228	1227
1228	2074
1229	182
1229	356
1229	359
1229	414
1229	415
1230	36
1230	135
1230	369
1230	2076
1230	2077
1231	376
1231	1557
1231	1558
1231	1559
1231	3311
1232	376
1232	1556
1232	1557
1232	1558
1232	1559
1233	6591
1233	7151
1233	7152
1233	7153
1233	11396
1234	252
1234	376
1234	429
1234	2078
1234	2079
1235	254
1235	377
1235	379
1235	833
1235	834
1236	328
1236	398
1236	1237
1236	1238
1236	1239
1237	328
1237	398
1237	1236
1237	1238
1237	1239
1238	398
1238	1236
1238	1237
1238	2080
1238	2081
1239	2080
1239	2081
1239	2082
1239	2083
1239	2084
1240	1241
1240	1561
1240	1562
1240	1706
1240	1709
1241	1240
1241	1560
1241	1561
1241	1562
1241	1563
1242	58
1242	417
1242	418
1242	11397
1242	11398
1243	32
1243	98
1243	99
1243	161
1243	954
1244	98
1244	954
1244	1243
1244	1564
1244	1565
1245	429
1245	2085
1245	2086
1245	2087
1245	2088
1246	32
1246	98
1246	99
1246	203
1246	2717
1247	202
1247	253
1247	430
1247	457
1247	459
1248	253
1248	430
1248	459
1248	8184
1248	8185
1249	430
1249	457
1249	459
1249	1247
1249	2718
1250	32
1250	98
1250	99
1250	477
1250	480
1251	32
1251	98
1251	161
1251	477
1251	1566
1252	483
1252	5297
1252	5298
1252	5299
1252	5300
1253	483
1253	509
1253	2089
1253	2090
1253	2091
1254	32
1254	98
1254	99
1254	139
1254	1567
1255	493
1255	1256
1255	1257
1255	1568
1255	1569
1256	493
1256	1255
1256	1257
1256	1568
1256	1569
1257	493
1257	1255
1257	1256
1257	1568
1257	1569
1258	185
1258	494
1258	3312
1258	3313
1258	3314
1259	23
1259	38
1259	185
1259	494
1259	1258
1260	495
1260	1261
1260	1262
1260	3315
1260	5301
1261	495
1261	1260
1261	1262
1261	3315
1261	3316
1262	495
1262	1260
1262	1261
1262	3317
1262	3318
1263	25
1263	26
1263	89
1263	307
1263	332
1264	197
1264	198
1264	498
1264	1075
1264	1570
1265	198
1265	527
1265	747
1265	1541
1265	2719
1266	215
1266	502
1266	503
1266	1267
1266	1268
1267	132
1267	502
1267	503
1267	1268
1267	1571
1268	215
1268	502
1268	503
1268	1266
1268	1267
1269	503
1269	504
1269	1270
1269	1810
1269	2092
1270	503
1270	504
1270	1269
1270	1810
1270	2092
1271	511
1271	3319
1271	3320
1271	3321
1271	3322
1272	228
1272	511
1272	754
1272	1124
1272	1503
1273	60
1273	68
1273	516
1273	1274
1273	2093
1274	60
1274	68
1274	187
1274	516
1274	1273
1275	66
1275	773
1275	1276
1275	1572
1275	2720
1276	66
1276	211
1276	773
1276	1275
1276	1572
1277	66
1277	524
1277	525
1277	751
1277	1573
1278	66
1278	773
1278	1573
1278	1574
1278	1575
1279	66
1279	524
1279	525
1279	751
1279	1277
1280	66
1280	298
1280	539
1280	2721
1280	2722
1281	307
1281	550
1281	1215
1281	1283
1281	2094
1282	550
1282	1283
1282	1576
1282	1577
1282	1578
1283	312
1283	550
1283	1281
1283	1282
1283	1576
1284	307
1284	551
1284	552
1284	1215
1284	2723
1285	552
1285	1286
1285	2095
1285	2096
1285	2097
1286	552
1286	1215
1286	1281
1286	1285
1286	3515
1287	307
1287	553
1287	1288
1287	1290
1287	1579
1288	307
1288	553
1288	1290
1288	1579
1288	1580
1289	553
1289	1437
1289	2098
1289	2099
1289	2100
1290	307
1290	553
1290	1288
1290	1579
1290	1580
1291	561
1291	1292
1291	1293
1291	1294
1291	2724
1292	321
1292	561
1292	1291
1292	1293
1292	1294
1293	561
1293	1291
1293	1292
1293	1294
1293	3323
1294	561
1294	1291
1294	1292
1294	1293
1294	3323
1295	338
1295	563
1295	565
1295	679
1295	1581
1296	506
1296	644
1296	645
1296	1297
1296	2101
1297	134
1297	506
1297	644
1297	1296
1297	2101
1298	1299
1298	1300
1298	1301
1298	1302
1298	1582
1299	1298
1299	1300
1299	1301
1299	1302
1299	1582
1300	1298
1300	1299
1300	1301
1300	1302
1300	1582
1301	1298
1301	1299
1301	1300
1301	1302
1301	1582
1302	1298
1302	1299
1302	1300
1302	1301
1302	1582
1303	265
1303	582
1303	841
1303	1045
1303	1706
1304	128
1304	236
1304	582
1304	1045
1304	1583
1305	400
1305	588
1305	589
1305	2102
1305	2103
1306	400
1306	588
1306	589
1306	1305
1306	1307
1307	400
1307	588
1307	589
1307	1305
1307	1306
1308	401
1308	595
1308	1309
1308	1310
1308	1311
1309	1311
1309	1584
1309	1585
1309	1586
1309	1720
1310	595
1310	1308
1310	1311
1310	1584
1310	1585
1311	595
1311	1309
1311	1584
1311	1585
1311	1586
1312	600
1312	3324
1312	3325
1312	3326
1312	3327
1313	45
1313	46
1313	56
1313	603
1313	1447
1314	8
1314	21
1314	615
1314	1055
1314	1315
1315	8
1315	21
1315	22
1315	615
1315	1314
1316	612
1316	613
1316	616
1316	699
1316	700
1317	617
1317	2104
1317	2105
1317	2107
1317	3328
1318	617
1318	2104
1318	2105
1318	2106
1318	2107
1319	439
1319	618
1319	3329
1319	3330
1319	3331
1320	439
1320	619
1320	620
1320	935
1320	1587
1321	332
1321	1004
1321	1588
1321	1589
1321	1590
1322	11
1322	25
1322	26
1322	1915
1322	2725
1323	632
1323	633
1323	1324
1323	1325
1323	1591
1324	632
1324	633
1324	1323
1324	8186
1324	8187
1325	632
1325	633
1325	1323
1325	1324
1325	1591
1326	4
1326	20
1326	642
1326	1327
1326	2108
1327	4
1327	20
1327	85
1327	642
1327	1326
1328	218
1328	219
1328	648
1328	1329
1328	2726
1329	137
1329	218
1329	219
1329	648
1329	1328
1330	649
1330	3332
1330	3333
1330	3334
1330	3335
1331	221
1331	649
1331	1592
1331	1593
1331	1594
1332	650
1332	2727
1332	2728
1332	2729
1332	2730
1333	141
1333	324
1333	650
1333	1882
1333	1886
1334	141
1334	650
1334	1459
1334	2731
1334	2732
1335	657
1335	658
1335	2109
1335	2110
1335	2111
1336	528
1336	657
1336	658
1336	1337
1336	3336
1337	114
1337	139
1337	2446
1337	2733
1337	2734
1338	681
1338	1341
1338	1598
1338	3337
1338	3338
1339	681
1339	1284
1339	1595
1339	1596
1339	1597
1340	681
1340	1598
1340	1599
1340	1600
1340	1601
1341	1598
1341	1602
1341	1603
1341	1604
1341	1605
1342	690
1342	691
1342	722
1342	1343
1342	1868
1343	691
1343	722
1343	1344
1343	1867
1343	1868
1344	605
1344	690
1344	691
1344	722
1344	1343
1344	1345
1344	1867
1344	1868
1344	46493
1344	148825
1345	691
1345	1343
1345	1344
1345	1867
1345	1868
1346	710
1346	1348
1346	2112
1346	2735
1346	2736
1347	5
1347	1606
1347	1607
1347	1608
1347	1609
1348	504
1348	710
1348	1346
1348	2112
1348	2113
1349	40
1349	711
1349	1610
1349	1611
1349	1612
1350	318
1350	559
1350	711
1350	910
1350	2114
1351	45
1351	723
1351	2737
1351	2738
1351	2739
1352	1613
1352	1614
1352	1615
1352	1616
1352	1617
1353	1352
1353	2115
1353	2116
1353	2117
1353	2118
1354	727
1354	1618
1354	1619
1354	1620
1354	1621
1355	114
1355	701
1355	733
1355	734
1355	2119
1356	114
1356	138
1356	701
1356	734
1356	1622
1357	198
1357	747
1357	1358
1357	1623
1357	1624
1358	747
1358	1357
1358	1623
1358	1724
1358	1754
1359	8
1359	22
1359	750
1359	2722
1359	2740
1360	66
1360	212
1360	233
1360	757
1360	1361
1361	757
1361	1360
1361	2120
1361	2121
1361	2122
1362	244
1362	762
1362	1363
1362	2741
1362	2742
1363	190
1363	244
1363	760
1363	762
1363	1362
1364	244
1364	761
1364	762
1364	1463
1364	2743
1365	1625
1365	1626
1365	1627
1365	1628
1365	1629
1366	1365
1366	1626
1366	1630
1366	1631
1366	1632
1367	229
1367	261
1367	262
1367	768
1367	1368
1368	229
1368	768
1368	1367
1368	1369
1368	1370
1369	229
1369	768
1369	2367
1369	2368
1369	2369
1370	229
1370	231
1370	768
1370	1368
1370	2370
1371	767
1371	769
1371	1372
1371	1373
1371	8188
1372	767
1372	769
1372	1373
1372	1374
1372	1633
1373	769
1373	1371
1373	1372
1373	1634
1373	1635
1374	769
1374	1371
1374	1372
1374	1373
1374	1633
1375	1376
1375	1636
1375	1637
1375	1638
1375	1639
1376	1641
1376	1804
1376	1890
1376	3091
1376	3339
1377	1376
1377	1641
1377	2371
1377	2372
1377	2373
1378	1376
1378	1640
1378	1641
1378	1642
1378	1643
1379	1376
1379	1641
1379	1642
1379	2744
1379	2745
1380	2187
1380	2472
1380	2746
1380	2747
1380	2748
1381	297
1381	519
1381	777
1381	1382
1381	1644
1382	297
1382	777
1382	1381
1382	1523
1382	1644
1383	782
1383	1384
1383	1385
1383	1553
1383	2374
1384	782
1384	1383
1384	2453
1384	2749
1384	2750
1385	782
1385	1383
1385	1384
1385	1645
1385	1646
1386	300
1386	782
1386	1149
1386	2691
1386	2751
1387	794
1387	795
1387	796
1387	2618
1387	2619
1388	798
1388	1891
1388	1892
1388	2165
1388	2167
1389	198
1389	799
1389	1541
1389	2752
1389	2753
1390	804
1390	1391
1390	1893
1390	1894
1390	1895
1391	804
1391	1390
1391	1893
1391	1895
1391	3414
1392	802
1392	1394
1392	1647
1392	1648
1392	1649
1393	802
1393	1394
1393	1395
1393	1648
1393	2376
1394	802
1394	1392
1394	1393
1394	2375
1394	2376
1395	803
1395	806
1395	1397
1395	1402
1395	2456
1396	803
1396	806
1396	1395
1396	1398
1396	2456
1397	803
1397	1395
1397	1402
1397	1650
1397	1651
1398	803
1398	806
1398	808
1398	1396
1398	2377
1399	806
1399	1395
1399	1400
1399	1652
1399	1653
1400	806
1400	1396
1400	1399
1400	1652
1400	1654
1401	808
1401	1402
1401	1403
1401	7472
1401	11399
1402	808
1402	1395
1402	1401
1402	1655
1402	1656
1403	338
1403	808
1403	1401
1403	3025
1403	8189
1404	346
1404	803
1404	807
1404	808
1404	1398
1405	350
1405	809
1405	1073
1405	1497
1405	5302
1406	170
1406	350
1406	810
1406	1657
1406	1658
1407	813
1407	5303
1407	5304
1407	5305
1407	5306
1408	675
1408	813
1408	1115
1408	1659
1408	1660
1409	10
1409	28
1409	166
1409	750
1409	813
1410	254
1410	377
1410	379
1410	833
1410	834
1411	259
1411	837
1411	838
1411	840
1411	1418
1412	1414
1412	1417
1412	1661
1412	1662
1412	5307
1413	839
1413	1414
1413	1415
1413	1416
1413	1417
1414	839
1414	1413
1414	1417
1414	1661
1414	1662
1415	839
1415	1413
1415	1414
1415	1416
1415	1661
1416	839
1416	1413
1416	1414
1416	1415
1416	1417
1417	1412
1417	1414
1417	1415
1417	1661
1417	1662
1418	259
1418	837
1418	839
1418	840
1418	1411
1419	212
1419	751
1419	843
1419	1277
1419	1573
1420	843
1420	1421
1420	1663
1420	1664
1420	2378
1421	843
1421	1420
1421	1422
1421	1663
1421	1664
1422	843
1422	1420
1422	1421
1422	1664
1422	2378
1423	846
1423	1424
1423	1425
1423	1426
1423	1665
1424	846
1424	1423
1424	1425
1424	1426
1424	1665
1425	846
1425	1423
1425	1424
1425	1426
1425	1665
1426	846
1426	1423
1426	1424
1426	1425
1426	1665
1427	405
1427	849
1427	2754
1427	2755
1427	2756
1428	252
1428	431
1428	856
1428	1117
1428	1500
1429	856
1429	1117
1429	1500
1429	1501
1429	2379
1430	443
1430	863
1430	865
1430	1907
1430	1909
1431	443
1431	863
1431	2380
1431	2381
1431	2382
1432	872
1432	873
1432	875
1432	2757
1432	2758
1433	90
1433	91
1433	197
1433	478
1433	746
1434	91
1434	478
1434	881
1434	1433
1434	2759
1435	458
1435	1174
1435	1524
1435	1525
1435	1526
1436	898
1436	2760
1436	2761
1436	2762
1436	2763
1437	542
1437	544
1437	904
1437	1438
1437	1819
1438	542
1438	544
1438	904
1438	1437
1438	1819
1439	910
1439	1440
1439	1666
1439	1667
1439	1668
1440	910
1440	1439
1440	1666
1440	1667
1440	1668
1441	40
1441	910
1441	3340
1441	3341
1441	3342
1442	175
1442	559
1442	910
1442	1669
1442	1670
1443	619
1443	937
1443	1444
1443	1671
1443	1672
1444	934
1444	937
1444	1443
1444	1671
1444	1672
1445	276
1445	937
1445	1722
1445	2982
1445	3031
1446	637
1446	940
1446	3343
1446	3344
1446	3345
1447	45
1447	57
1447	177
1447	180
1447	940
1448	945
1448	947
1448	1449
1448	1450
1448	1451
1449	947
1449	1448
1449	1450
1449	2764
1449	2765
1450	947
1450	1448
1450	2950
1450	2951
1450	4042
1451	508
1451	947
1451	1448
1451	2766
1451	2767
1452	19
1452	968
1452	1453
1452	1454
1452	1673
1453	19
1453	91
1453	968
1453	1452
1453	1454
1454	35
1454	968
1454	1452
1454	1453
1454	1673
1455	45
1455	46
1455	969
1455	1674
1455	1675
1456	35
1456	170
1456	922
1456	970
1456	2383
1457	276
1457	527
1457	1356
1457	1622
1457	2768
1458	141
1458	158
1458	1334
1458	1459
1458	2769
1459	141
1459	158
1459	1334
1459	1458
1459	2769
1460	141
1460	1458
1460	1459
1460	2384
1460	2385
1461	66
1461	211
1461	524
1461	982
1461	983
1462	243
1462	760
1462	994
1462	995
1462	2770
1463	760
1463	994
1463	995
1463	997
1463	2954
1464	430
1464	825
1464	1017
1464	1018
1464	1466
1465	1018
1465	1019
1465	1466
1465	1467
1465	1468
1466	827
1466	1019
1466	1465
1466	1467
1466	1468
1467	827
1467	1019
1467	1465
1467	1466
1467	1468
1468	1019
1468	1465
1468	1466
1468	1467
1468	2386
1469	1037
1469	1470
1469	1676
1469	1677
1469	1678
1470	1469
1470	2771
1470	2772
1470	2773
1470	2774
1471	872
1471	1036
1471	1037
1471	2775
1471	2776
1472	228
1472	511
1472	890
1472	1043
1472	1473
1473	1041
1473	1043
1473	2024
1473	2387
1473	2388
1474	228
1474	511
1474	513
1474	1043
1474	2389
1475	236
1475	458
1475	1044
1475	1045
1475	5308
1476	896
1476	897
1476	1052
1476	1477
1476	1679
1477	897
1477	1052
1477	1131
1477	1476
1477	2390
1478	323
1478	326
1478	347
1478	574
1478	1564
1479	917
1479	1065
1479	1066
1479	1067
1479	1480
1480	917
1480	1065
1480	1066
1480	1067
1480	1479
1481	783
1481	1069
1481	3006
1481	5309
1481	5310
1482	922
1482	1071
1482	1074
1482	1483
1482	1484
1483	922
1483	1071
1483	1074
1483	1482
1483	1484
1484	922
1484	1071
1484	1074
1484	1483
1484	2777
1485	575
1485	943
1485	1085
1485	1486
1485	1680
1486	575
1486	943
1486	1085
1486	1485
1486	1680
1487	575
1487	913
1487	942
1487	1085
1487	1933
1488	977
1488	1091
1488	1489
1488	2391
1488	2392
1489	1091
1489	2393
1489	2394
1489	2395
1489	2396
1490	514
1490	1093
1490	1491
1490	1492
1490	1681
1491	514
1491	1093
1491	1490
1491	1681
1491	2397
1492	230
1492	514
1492	515
1492	1682
1492	1683
1493	1684
1493	1685
1493	1686
1493	1687
1493	1688
1494	354
1494	748
1494	1096
1494	1495
1494	1496
1495	354
1495	991
1495	1096
1495	1494
1495	1496
1496	354
1496	991
1496	1096
1496	1494
1496	1495
1497	1101
1497	1405
1497	2398
1497	2399
1497	2400
1498	773
1498	1114
1498	1115
1498	1572
1498	2401
1499	1116
1499	1117
1499	1118
1499	1500
1499	1501
1500	1117
1500	1429
1500	1499
1500	1501
1500	3346
1501	1117
1501	1429
1501	1500
1501	3347
1501	3348
1502	2402
1502	2403
1502	2404
1502	2405
1502	2406
1503	992
1503	1041
1503	1124
1503	1126
1503	1272
1504	2778
1504	2779
1504	2780
1504	2781
1504	2782
1505	1135
1505	1506
1505	6102
1505	9894
1505	11400
1506	1135
1506	1505
1506	3349
1506	3350
1506	3351
1507	1135
1507	2252
1507	3352
1507	3353
1507	3354
1508	1053
1508	1135
1508	1136
1508	2407
1508	2408
1509	544
1509	903
1509	1136
1509	2409
1509	2410
1510	1068
1510	1145
1510	1146
1510	1147
1510	3355
1511	2411
1511	2412
1511	2413
1511	2414
1511	2415
1512	1077
1512	1988
1512	2413
1512	2415
1512	2532
1513	170
1513	1160
1513	1161
1513	8190
1513	8191
1514	1099
1514	1159
1514	1160
1514	1161
1514	1515
1515	1159
1515	1160
1515	1161
1515	1514
1515	2783
1516	1107
1516	1164
1516	3356
1516	3357
1516	3358
1517	1164
1517	1516
1517	1518
1517	1519
1517	2784
1518	1164
1518	1166
1518	1191
1518	1523
1518	1689
1519	1164
1519	1517
1519	1691
1519	2836
1519	2837
1520	1165
1520	1191
1520	1521
1520	1690
1520	1691
1521	1165
1521	1166
1521	1191
1521	1520
1521	1522
1522	1165
1522	1166
1522	1191
1522	1520
1522	1521
1523	1166
1523	1518
1523	2785
1523	2786
1523	2787
1524	458
1524	1174
1524	1435
1524	1526
1524	2416
1525	458
1525	1174
1525	1435
1525	1524
1525	1526
1526	70
1526	458
1526	1174
1526	1435
1526	1524
1527	1176
1527	1177
1527	1528
1527	1529
1527	2788
1528	1176
1528	1527
1528	1529
1528	2417
1528	2418
1529	1176
1529	1177
1529	1527
1529	1528
1529	1692
1530	304
1530	1057
1530	1693
1530	1694
1530	1695
1531	1178
1531	1179
1531	1180
1531	2419
1531	2420
1532	1181
1532	1195
1532	1197
1532	2421
1533	1195
1533	1197
1533	2063
1533	3001
1534	1200
1534	1535
1534	1536
1534	1537
1534	1538
1535	1200
1535	1534
1535	1536
1535	1538
1535	1696
1536	1200
1536	1534
1536	1535
1536	1538
1536	1696
1537	1534
1537	2422
1537	2423
1537	2424
1537	2425
1538	1534
1538	1535
1538	1536
1538	1537
1538	1696
1539	198
1539	1540
1539	2789
1539	2790
1539	2791
1540	1539
1540	2789
1540	2791
1540	2959
1540	3359
1541	198
1541	351
1541	1265
1541	2719
1541	11401
1542	11402
1542	11403
1542	11404
1542	11405
1542	11406
1543	197
1543	198
1543	747
1543	1208
1543	2426
1544	1209
1544	1210
1544	1546
1544	1547
1544	1698
1545	1209
1545	1210
1545	1547
1545	2427
1545	2428
1546	1209
1546	1210
1546	1544
1546	1547
1546	8192
1547	1209
1547	1210
1547	1697
1547	1698
1547	1699
1548	6
1548	8
1548	21
1548	304
1548	1211
1549	1211
1549	1550
1549	1700
1549	1701
1549	1702
1550	1211
1550	1549
1550	1700
1550	1701
1550	2792
1551	21
1551	304
1551	1212
1551	3360
1551	3361
1552	330
1552	1220
1552	1221
1552	1553
1552	2429
1553	1221
1553	1383
1553	1552
1553	2430
1553	2431
1554	1223
1554	1225
1554	1555
1554	1703
1554	1704
1555	1223
1555	1225
1555	1554
1555	1703
1555	1704
1556	1231
1556	1232
1556	1557
1556	1558
1556	1559
1557	1231
1557	1232
1557	1556
1557	1558
1557	1559
1558	1231
1558	1232
1558	1556
1558	1557
1558	1559
1559	1231
1559	1232
1559	1556
1559	1557
1559	1558
1560	1240
1560	1241
1560	1705
1560	1706
1560	1707
1561	1240
1561	1241
1561	1706
1561	1708
1561	1709
1562	1240
1562	1241
1562	1561
1562	1706
1562	1709
1563	1241
1563	1562
1563	1706
1563	8193
1563	8194
1564	98
1564	161
1564	954
1564	1244
1564	1565
1565	161
1565	1243
1565	1244
1565	1564
1565	5206
1566	32
1566	98
1566	161
1566	1251
1566	3362
1567	1710
1567	1711
1567	1712
1567	1713
1567	1714
1568	493
1568	1255
1568	1256
1568	1257
1568	1569
1569	493
1569	1255
1569	1257
1569	1568
1569	1715
1570	197
1570	198
1570	498
1570	1157
1570	1264
1571	503
1571	1267
1571	2432
1571	2433
1571	2434
1572	66
1572	211
1572	773
1572	1275
1572	1276
1573	66
1573	524
1573	751
1573	1277
1573	1278
1574	524
1574	773
1574	1275
1574	1278
1574	1572
1575	66
1575	1278
1575	1573
1575	1716
1575	1717
1576	1282
1576	1283
1576	1578
1576	1718
1576	1719
1577	550
1577	1282
1577	1719
1577	2848
1577	2979
1578	1282
1578	1283
1578	1576
1578	1718
1578	2978
1579	307
1579	1288
1579	1290
1579	1580
1579	2793
1580	307
1580	1288
1580	1290
1580	1579
1580	2793
1581	332
1581	338
1581	563
1581	564
1581	2072
1582	1298
1582	1299
1582	1300
1582	1301
1582	1302
1583	128
1583	236
1583	265
1583	584
1583	1304
1584	1309
1584	1311
1584	1585
1584	1586
1584	1720
1585	1309
1585	1311
1585	1584
1585	1586
1585	1721
1586	1309
1586	1311
1586	1584
1586	1585
1586	1720
1587	463
1587	619
1587	620
1587	1320
1587	1722
1588	332
1588	630
1588	1321
1588	1589
1588	1590
1589	332
1589	1321
1589	3363
1589	3364
1589	3365
1590	332
1590	630
1590	1321
1590	1588
1590	1589
1591	632
1591	633
1591	1323
1591	1325
1591	3366
1592	1331
1592	2796
1592	5311
1592	5312
1592	5313
1593	649
1593	1331
1593	8195
1593	8196
1593	8197
1594	1331
1594	2705
1594	2794
1594	2795
1594	2796
1595	1598
1595	1599
1595	1727
1595	2474
1595	3367
1596	1597
1596	1723
1596	1724
1596	1725
1596	1726
1597	1596
1597	1725
1597	3368
1597	3369
1597	3370
1598	1340
1598	1341
1598	1595
1598	1599
1598	1604
1599	1598
1599	1601
1599	1604
1599	1605
1599	1727
1600	1728
1600	1729
1600	1730
1600	1731
1600	1732
1601	1598
1601	1599
1601	1729
1601	2435
1601	2436
1602	1341
1602	1598
1602	1603
1602	1604
1602	1733
1603	1341
1603	1733
1603	1734
1603	1735
1603	1736
1604	1341
1604	1598
1604	1599
1604	1605
1604	1735
1605	1598
1605	1599
1605	1604
1605	5314
1605	5315
1606	1347
1606	1609
1606	2442
1606	2443
1606	2797
1607	1347
1607	2437
1607	2438
1607	2439
1607	2440
1608	10
1608	239
1608	1347
1608	1737
1608	1738
1609	1347
1609	1606
1609	2441
1609	2442
1609	2443
1610	910
1610	1349
1610	1739
1610	1740
1610	1741
1611	40
1611	910
1611	1349
1611	1610
1611	1740
1612	40
1612	175
1612	1349
1612	1902
1612	2798
1613	1352
1613	1616
1613	1745
1613	2444
1613	2445
1614	1352
1614	1613
1614	1742
1614	1743
1614	1744
1615	1795
1615	2503
1615	2505
1615	2799
1615	2800
1616	1352
1616	1613
1616	1745
1616	1746
1616	1747
1617	1352
1617	1613
1617	2445
1617	5316
1617	5317
1618	695
1618	729
1618	1619
1618	1748
1618	1749
1619	695
1619	727
1619	1618
1619	1748
1619	1870
1620	1618
1620	1750
1620	1751
1620	1752
1620	1753
1621	140
1621	141
1621	1804
1621	1859
1621	2446
1622	114
1622	138
1622	734
1622	1356
1622	1457
1623	747
1623	1357
1623	1358
1623	1624
1623	1754
1624	1754
1624	2801
1624	2802
1624	2803
1624	2804
1625	1365
1625	1626
1625	1627
1625	1629
1625	2805
1626	1365
1626	1366
1626	1625
1626	1629
1626	1631
1627	1365
1627	1625
1627	1628
1627	1629
1627	2447
1628	1365
1628	1625
1628	1626
1628	1627
1628	2447
1629	348
1629	1365
1629	1625
1629	1626
1629	3823
1630	1366
1630	2448
1630	2449
1630	2450
1630	2451
1631	1755
1631	1756
1631	1757
1631	1758
1631	1759
1632	1365
1632	1366
1632	1626
1632	1631
1632	2806
1633	769
1633	1371
1633	1372
1633	1373
1633	1374
1634	1760
1634	1761
1634	1762
1634	1763
1634	1764
1635	1373
1635	1634
1635	1760
1635	1762
1635	3371
1636	1375
1636	1637
1636	1638
1636	1640
1636	1793
1637	326
1637	2717
1637	2807
1637	2808
1637	2809
1638	1375
1638	1636
1638	1637
1638	3824
1638	3825
1639	1765
1639	1766
1639	1767
1639	1768
1639	1769
1640	1378
1640	1636
1640	1642
1640	2744
1640	3372
1641	1376
1641	1377
1641	1804
1641	2373
1641	2452
1642	2744
1642	2810
1642	2811
1642	2812
1642	2813
1643	1378
1643	1379
1643	1636
1643	1640
1643	1642
1644	297
1644	635
1644	777
1644	1381
1644	1382
1645	1385
1645	1646
1645	2814
1645	2815
1645	2816
1646	1385
1646	1553
1646	1645
1646	2453
1646	2454
1647	802
1647	804
1647	806
1647	1392
1647	2817
1648	2518
1648	2818
1648	2819
1648	2820
1648	2821
1649	1392
1649	2375
1649	2376
1649	2517
1649	2518
1650	1395
1650	1397
1650	1402
1650	1651
1650	2822
1651	1395
1651	1397
1651	2823
1651	2824
1651	2825
1652	806
1652	1653
1652	2455
1652	2456
1652	2457
1653	1652
1653	2455
1653	2456
1653	2457
1653	3238
1654	1652
1654	2826
1654	2827
1654	2828
1654	2829
1655	1401
1655	1402
1655	1656
1655	1770
1655	1771
1656	1401
1656	1402
1656	1655
1656	1770
1656	1771
1657	1406
1657	1804
1657	3373
1657	3374
1657	3375
1658	809
1658	1406
1658	1657
1658	2830
1658	2831
1659	675
1659	1408
1659	1849
1659	2458
1659	2459
1660	967
1660	1408
1660	1772
1660	1773
1660	1774
1661	1412
1661	1414
1661	1415
1661	1417
1661	1662
1662	1412
1662	1414
1662	1415
1662	1417
1662	1661
1663	1420
1663	1421
1663	1664
1663	2378
1663	2562
1664	1420
1664	1421
1664	1422
1664	1663
1664	2378
1665	846
1665	1423
1665	1424
1665	1425
1665	1426
1666	910
1666	1439
1666	1440
1666	1667
1666	1668
1667	910
1667	1439
1667	1440
1667	1666
1667	1668
1668	910
1668	1439
1668	1440
1668	1666
1668	1667
1669	910
1669	1442
1669	3376
1669	3377
1669	3378
1670	23
1670	175
1670	910
1670	2832
1670	2833
1671	937
1671	1443
1671	1444
1671	1672
1671	5318
1672	937
1672	1443
1672	1444
1672	1671
1672	2460
1673	19
1673	968
1673	1452
1673	1453
1673	1454
1674	159
1674	198
1674	1265
1674	1455
1674	1675
1675	45
1675	1455
1675	1674
1675	2738
1675	8198
1676	1469
1676	1677
1676	2723
1676	2834
1676	3826
1677	1469
1677	1676
1677	1678
1677	2834
1677	2835
1678	1469
1678	1676
1678	1677
1678	2723
1678	5319
1679	1052
1679	1476
1679	2461
1679	2462
1679	2463
1680	575
1680	943
1680	1085
1680	1485
1680	1486
1681	1775
1681	1776
1681	1777
1681	1778
1681	1779
1682	230
1682	514
1682	1492
1682	1683
1682	3379
1683	230
1683	514
1683	1492
1683	8199
1683	8200
1684	1493
1684	1685
1684	1686
1684	2464
1684	2465
1685	1493
1685	1684
1685	1686
1685	1687
1685	1779
1686	1493
1686	1684
1686	1685
1686	1687
1686	1688
1687	1493
1687	1684
1687	1685
1687	1686
1687	1779
1688	1493
1688	1684
1688	1685
1688	1686
1688	1687
1689	1166
1689	1191
1689	1517
1689	1518
1689	5320
1690	1191
1690	1520
1690	2041
1690	2258
1690	3380
1691	1519
1691	1520
1691	2836
1691	2837
1691	2838
1692	1177
1692	1527
1692	1529
1692	2839
1692	2840
1693	1057
1693	1142
1693	1178
1693	1530
1693	1694
1694	1057
1694	1142
1694	1178
1694	1530
1694	1693
1695	1139
1695	1530
1695	2466
1695	2467
1695	2468
1696	1200
1696	1534
1696	1535
1696	1536
1696	1538
1697	1210
1697	1545
1697	1547
1697	1698
1697	2469
1698	1210
1698	1547
1698	2283
1698	2348
1698	2349
1699	1210
1699	1547
1699	1697
1699	2469
1699	2470
1700	1211
1700	1549
1700	1550
1700	1701
1700	2471
1701	1211
1701	1549
1701	1550
1701	1700
1701	2471
1702	3381
1702	3382
1702	3383
1702	3384
1702	3385
1703	1223
1703	1225
1703	1554
1703	1555
1703	1704
1704	1225
1704	1554
1704	1555
1704	1703
1704	3386
1705	1240
1705	1560
1705	1707
1705	2841
1705	2842
1706	1240
1706	1561
1706	1562
1706	2472
1706	2473
1707	1780
1707	1781
1707	1782
1707	1783
1707	1784
1708	1240
1708	1561
1708	1562
1708	2843
1708	2844
1709	1240
1709	1560
1709	1561
1709	1562
1709	2845
1710	1567
1710	1711
1710	1712
1710	1713
1710	1714
1711	1567
1711	1710
1711	1712
1711	1713
1711	1714
1712	32
1712	1567
1712	1710
1712	1711
1712	1713
1713	1567
1713	1710
1713	1711
1713	1712
1713	1714
1714	1567
1714	1710
1714	1711
1714	1712
1714	1713
1715	493
1715	1255
1715	1256
1715	1257
1715	1569
1716	524
1716	1278
1716	1573
1716	1575
1716	2846
1717	66
1717	751
1717	983
1717	1575
1717	3387
1718	1282
1718	1283
1718	1576
1718	1578
1718	2847
1719	1576
1719	1577
1719	2848
1719	2849
1719	2850
1720	1309
1720	1311
1720	1584
1720	1586
1720	1721
1721	1584
1721	1586
1721	1720
1721	3388
1721	3389
1722	437
1722	439
1722	619
1722	1445
1722	2851
1723	527
1723	1596
1723	5554
1723	8156
1723	8201
1724	552
1724	787
1724	1596
1724	2852
1724	2853
1725	1596
1725	1597
1725	3368
1725	3369
1725	3370
1726	552
1726	1596
1726	1724
1726	5321
1726	5322
1727	1598
1727	1599
1727	2474
1727	2475
1727	2476
1728	1600
1728	1729
1728	1730
1728	1732
1728	2854
1729	1600
1729	1728
1729	1730
1729	2855
1729	2856
1730	1600
1730	1728
1730	1729
1730	1731
1730	2477
1731	1600
1731	1728
1731	1729
1731	1730
1731	5323
1732	1600
1732	1728
1732	1730
1732	2854
1732	3390
1733	1603
1733	1734
1733	2499
1733	2557
1733	2857
1734	1603
1734	1733
1734	2499
1734	2557
1734	2857
1735	1603
1735	1733
1735	1736
1735	1785
1735	1786
1736	1603
1736	1733
1736	1735
1736	1785
1736	2498
1737	1608
1737	2858
1737	2859
1737	2860
1737	2861
1738	2862
1738	2863
1738	2864
1738	2865
1738	2866
1739	1610
1739	1741
1739	2478
1739	2479
1739	2480
1740	1349
1740	1610
1740	1787
1740	1788
1740	1789
1741	1610
1741	1739
1741	1740
1741	2478
1741	2479
1742	1352
1742	1614
1742	1743
1742	1744
1742	2481
1743	1352
1743	1614
1743	1742
1743	1744
1743	2481
1744	1352
1744	1614
1744	1742
1744	1743
1744	2481
1745	1616
1745	1746
1745	2445
1745	2717
1745	2867
1746	1613
1746	1616
1746	1745
1746	1747
1746	3261
1747	1352
1747	1613
1747	1616
1747	1745
1747	1746
1748	2868
1748	2869
1748	2870
1748	2871
1748	2872
1749	698
1749	1861
1749	1862
1749	1863
1749	2482
1750	698
1750	729
1750	1863
1750	2483
1750	2484
1751	1863
1751	2158
1751	2485
1751	2486
1751	2487
1752	1620
1752	3073
1752	3074
1752	3075
1752	3076
1753	2484
1753	2529
1753	3077
1753	3078
1753	3079
1754	1357
1754	1358
1754	1624
1754	2801
1754	3391
1755	1631
1755	1756
1755	1757
1755	1758
1755	3080
1756	1631
1756	1755
1756	1758
1756	2488
1756	2489
1757	1631
1757	1755
1757	1756
1757	1758
1757	3080
1758	1631
1758	1755
1758	1756
1758	1790
1758	1791
1759	1631
1759	1755
1759	1756
1759	3392
1759	3393
1760	1634
1760	1761
1760	1762
1760	1763
1760	1764
1761	1634
1761	1760
1761	1763
1761	5324
1761	5325
1762	1634
1762	1760
1762	1761
1762	1763
1762	1764
1763	1760
1763	1761
1763	1762
1763	3827
1763	3828
1764	1634
1764	1760
1764	1761
1764	1762
1764	1763
1765	1639
1765	1766
1765	1767
1765	1769
1765	3829
1766	1639
1766	1792
1766	1793
1766	1794
1766	1795
1767	1639
1767	1769
1767	4014
1767	6194
1767	6883
1768	1639
1768	1766
1768	3081
1768	3082
1768	3083
1769	1639
1769	1765
1769	1767
1769	3830
1769	3831
1770	1402
1770	1655
1770	1656
1770	2490
1770	2491
1771	1401
1771	1402
1771	1655
1771	1656
1771	3084
1772	966
1772	967
1772	1774
1772	1958
1772	2492
1773	1772
1773	2493
1773	2494
1773	2495
1773	2496
1774	966
1774	967
1774	1772
1774	1958
1774	2492
1775	1681
1775	1776
1775	1779
1775	3085
1775	3832
1776	1493
1776	1684
1776	1775
1776	1777
1776	1779
1777	1778
1777	1779
1777	2464
1777	2465
1777	3241
1778	1684
1778	1777
1778	2465
1778	3085
1778	8202
1779	514
1779	1684
1779	1777
1779	1778
1779	3085
1780	1707
1780	1781
1780	1782
1780	1783
1780	2497
1781	1707
1781	1780
1781	1782
1781	1783
1781	8203
1782	1707
1782	1780
1782	1781
1782	1783
1782	1784
1783	1707
1783	1780
1783	1781
1783	1782
1783	1784
1784	1707
1784	1780
1784	1781
1784	1782
1784	1783
1785	1603
1785	1735
1785	1736
1785	2498
1785	2499
1786	1733
1786	1735
1786	1736
1786	2500
1786	2501
1787	1740
1787	3394
1787	3395
1787	3396
1787	3397
1788	1610
1788	1740
1788	1789
1788	2480
1788	3086
1789	1610
1789	1740
1789	1788
1789	2478
1789	3086
1790	1631
1790	1758
1790	1796
1790	1797
1790	1798
1791	1631
1791	1756
1791	3087
1791	3088
1791	3089
1792	1636
1792	1766
1792	1793
1792	3090
1792	3091
1793	2744
1793	3090
1793	4077
1793	5326
1793	5327
1794	1088
1794	1766
1794	1995
1794	1999
1794	2502
1795	1615
1795	2503
1795	2504
1795	2505
1795	2506
1796	1631
1796	1790
1796	1798
1796	3092
1796	3093
1797	1790
1797	1798
1797	1799
1797	2507
1797	2508
1798	1790
1798	1797
1798	1799
1798	1800
1798	1801
1799	1797
1799	1798
1799	1800
1799	2507
1799	3094
1800	1797
1800	1798
1800	1799
1800	3094
1800	4904
1801	1797
1801	1798
1801	1800
1801	3094
1801	4904
1802	129
1802	485
1802	1219
1802	1254
1802	1803
1803	324
1803	485
1803	1219
1803	1802
1803	3398
1804	32
1804	98
1804	792
1804	1889
1804	2446
1805	16
1805	83
1805	117
1805	341
1805	490
1806	500
1806	1807
1806	1808
1806	2123
1806	2124
1807	500
1807	1806
1807	1808
1807	1809
1807	2123
1808	500
1808	1806
1808	1807
1808	1809
1808	2123
1809	500
1809	1807
1809	1808
1809	2123
1809	5328
1810	503
1810	504
1810	1267
1810	1269
1810	1270
1811	223
1811	509
1811	1812
1811	5329
1811	5330
1812	509
1812	1811
1812	5329
1812	6081
1812	11407
1813	3833
1813	3834
1813	3835
1813	3836
1813	3837
1814	1318
1814	2104
1814	2106
1814	2125
1814	2126
1815	919
1815	1816
1815	1939
1815	3838
1815	3839
1816	919
1816	1815
1816	1939
1816	2127
1816	2128
1817	253
1817	522
1817	523
1817	1436
1817	2129
1818	203
1818	527
1818	2768
1818	3586
1818	3840
1819	542
1819	544
1819	903
1819	1438
1819	10747
1820	319
1820	320
1820	557
1820	1821
1820	3841
1821	63
1821	318
1821	319
1821	320
1821	2130
1822	40
1822	311
1822	578
1822	817
1822	1823
1823	816
1823	817
1823	1822
1823	1900
1823	1902
1824	581
1824	1825
1824	1826
1824	2131
1824	2132
1825	581
1825	1824
1825	1826
1825	2131
1825	2132
1826	578
1826	581
1826	1824
1826	1825
1826	2131
1827	394
1827	585
1827	1828
1827	1829
1827	2133
1828	394
1828	585
1828	1827
1828	1829
1828	2133
1829	394
1829	585
1829	1827
1829	1828
1829	2133
1830	587
1830	1072
1830	3095
1830	3096
1830	3097
1831	399
1831	587
1831	2134
1831	2135
1831	2136
1832	401
1832	592
1832	593
1832	1833
1832	1834